1,1,50,191,61,141,1,-5.0036,11.913,0.69979
1,2,175,200,48,104,1,-4.8062,14.355,0.62309
1,3,218,210,29,79,1,-5.1456,16.531,0.56194
1,4,252,185,46,127,1,-3.5018,13.904,0.61856
1,5,289,187,44,125,1,-3.0446,14.015,0.6088
2,1,46,189,61,147,1,-4.9083,11.779,0.69414
2,2,173,192,37,113,1,-4.8641,14.246,0.61684
2,3,220,216,23,70,1,-5.3765,17.054,0.53615
2,4,257,183,41,126,1,-3.5671,14.216,0.60107
2,5,291,183,53,128,1,-3.0028,14.165,0.59538
3,1,35,188,74,151,1,-4.8457,11.685,0.68672
3,2,168,196,44,107,1,-4.9596,14.414,0.6017
3,3,218,214,27,72,1,-5.3252,16.933,0.52612
3,4,259,181,39,128,1,-3.5574,14.213,0.59249
3,5,291,186,46,128,1,-3.0045,13.908,0.59602
4,1,31,181,63,160,1,-4.8754,11.644,0.69182
4,2,160,190,55,117,1,-4.8041,14.064,0.61268
4,3,216,214,29,74,1,-5.1859,16.559,0.53701
4,4,254,181,49,130,1,-3.5173,14.077,0.59537
4,5,293,183,46,126,1,-3.0874,14.369,0.58032
5,1,18,186,74,160,1,-4.8147,11.525,0.69568
5,2,162,188,46,121,1,-4.7795,13.964,0.61775
5,3,216,211,29,77,1,-5.2199,16.643,0.53826
5,4,257,186,50,125,1,-3.509,14.184,0.59467
5,5,295,186,51,130,1,-2.9455,13.913,0.59614
6,1,16,183,72,163,1,-4.8845,11.62,0.69413
6,2,160,190,48,121,1,-4.7566,13.915,0.61786
6,3,211,209,32,79,1,-5.3369,16.754,0.53334
6,4,259,179,48,132,1,-3.5357,14.293,0.58931
6,5,297,190,47,124,1,-3.0144,14.167,0.58647
7,1,9,181,70,173,1,-4.787,11.476,0.69936
7,2,153,188,49,126,1,-4.7823,13.828,0.62069
7,3,216,209,27,79,1,-5.3867,17.023,0.52273
7,4,263,183,44,133,1,-3.4452,14.068,0.59321
7,5,302,192,48,122,1,-2.9889,14.342,0.57738
8,1,5,179,61,175,1,-4.8534,11.516,0.69423
8,2,147,190,59,128,1,-4.6411,13.589,0.62123
8,3,209,211,34,79,1,-5.2864,16.658,0.52614
8,4,259,183,55,131,1,-3.4815,14.276,0.58228
8,5,300,190,50,124,1,-3.0159,14.394,0.57199
9,1,3,179,57,178,1,-4.8462,11.526,0.6935
9,2,147,192,55,124,1,-4.7833,13.843,0.61138
9,3,209,211,31,79,1,-5.3763,16.83,0.51531
9,4,261,188,50,126,1,-3.5283,14.412,0.57325
9,5,302,190,48,124,1,-3.0412,14.537,0.56181
10,1,1,173,61,190,1,-4.7124,11.449,0.69701
10,2,140,188,53,130,1,-4.7952,13.709,0.61652
10,3,209,211,34,79,1,-5.3168,16.781,0.51369
10,4,263,181,57,128,1,-3.5809,14.855,0.55537
10,5,306,186,51,128,1,-2.9872,14.562,0.55642
11,2,136,186,57,132,1,-4.7999,13.715,0.61182
11,3,205,209,35,81,1,-5.3237,16.675,0.51199
11,4,265,181,49,128,1,-3.6029,14.838,0.55231
11,5,310,188,47,123,1,-3.0145,14.807,0.54431
12,2,134,181,53,145,1,-4.748,13.591,0.61667
12,3,203,211,35,85,1,-5.29,16.564,0.51683
12,4,267,186,49,128,1,-3.5902,14.911,0.54954
12,5,306,192,53,126,1,-3.0129,14.71,0.54746
13,2,128,179,56,147,1,-4.7901,13.614,0.62374
13,3,201,209,35,87,1,-5.2949,16.53,0.52769
13,4,265,186,53,130,1,-3.5536,14.776,0.55995
13,5,308,190,51,126,1,-3.0433,14.905,0.54624
13,6,239,209,38,79,1,-5.1081,18.038,0.47007
14,2,121,177,63,152,1,-4.7551,13.525,0.63041
14,3,198,207,40,87,1,-5.4496,16.899,0.52476
14,4,269,181,49,130,1,-3.6698,15.305,0.54938
14,5,313,190,48,126,1,-3.0295,15.02,0.54816
14,6,239,209,38,81,1,-5.0122,17.775,0.48658
15,2,119,177,57,152,1,-4.7892,13.535,0.63774
15,3,203,209,31,85,1,-5.3844,16.812,0.53691
15,4,269,186,49,128,1,-3.5966,15.031,0.56459
15,5,313,192,44,126,1,-3.0324,14.85,0.56033
15,6,242,207,35,83,1,-4.9326,17.656,0.49977
16,2,108,177,61,160,1,-4.7553,13.364,0.64931
16,3,198,209,34,89,1,-5.4025,16.762,0.5503
16,4,269,188,51,130,1,-3.5827,15.045,0.57289
16,5,315,194,48,128,1,-2.9917,14.871,0.56771
16,6,242,205,31,87,1,-5.0419,17.911,0.50616
17,2,100,175,65,169,1,-4.6422,13.151,0.65364
17,3,192,207,33,91,1,-5.5206,16.842,0.54912
17,4,265,181,51,137,1,-3.6477,15.144,0.57197
17,5,308,196,51,122,1,-3.1256,15.274,0.55876
17,6,237,207,36,87,1,-4.9864,17.686,0.51256
18,2,89,173,65,171,1,-4.7396,13.186,0.65204
18,3,192,209,35,89,1,-5.4712,16.846,0.54262
18,4,269,183,47,131,1,-3.7047,15.502,0.55601
18,5,317,192,44,122,1,-3.1149,15.642,0.54078
18,6,235,205,33,89,1,-5.0114,17.637,0.50792
19,2,80,168,72,180,1,-4.6681,13.056,0.64933
19,3,190,207,33,94,1,-5.2788,16.367,0.54659
19,4,269,179,49,132,1,-3.7405,15.729,0.5426
19,5,308,190,55,126,1,-3.1263,15.437,0.54229
19,6,233,203,37,95,1,-4.7496,16.946,0.51795
20,2,74,164,82,182,1,-4.7003,13.156,0.64878
20,3,183,205,38,96,1,-5.268,16.245,0.55133
20,4,265,179,51,132,1,-3.7533,15.655,0.54303
20,5,310,183,53,133,1,-3.1067,15.391,0.53993
20,6,231,198,35,94,1,-5.011,17.604,0.49873
21,2,61,158,89,186,1,-4.8023,13.229,0.65405
21,3,181,205,38,93,1,-5.3713,16.466,0.55524
21,4,269,179,51,132,1,-3.6844,15.626,0.55014
21,5,310,186,51,125,1,-3.1791,15.753,0.53574
21,6,222,198,42,96,1,-4.9278,17.159,0.5228
22,2,50,153,85,193,1,-4.8493,13.164,0.65886
22,3,177,196,38,102,1,-5.3701,16.364,0.56431
22,4,265,175,51,132,1,-3.8061,15.895,0.54958
22,5,315,181,46,130,1,-3.1493,15.709,0.54305
22,6,224,196,40,94,1,-5.0473,17.568,0.51878
23,2,39,151,94,206,1,-4.7418,12.998,0.66787
23,3,177,196,35,105,1,-5.3932,16.425,0.57634
23,4,272,179,48,132,1,-3.7221,15.879,0.56038
23,5,313,188,50,126,1,-3.1587,15.752,0.55327
23,6,222,196,40,98,1,-5.0247,17.464,0.53754
24,2,31,151,91,208,1,-4.8114,13.033,0.67664
24,3,168,196,42,105,1,-5.5347,16.589,0.587
24,4,265,181,55,130,1,-3.8047,16.04,0.56935
24,5,315,192,50,119,1,-3.2035,16.174,0.55373
24,6,218,194,40,100,1,-5.1517,17.664,0.54816
25,2,25,147,90,222,1,-4.7056,12.889,0.67739
25,3,169,196,38,105,1,-5.6274,16.81,0.58137
25,4,277,181,42,130,1,-3.7795,16.26,0.56081
25,5,324,192,44,124,1,-3.103,15.975,0.55572
25,6,217,198,42,96,1,-5.2294,17.933,0.54078
26,2,12,143,96,233,1,-4.6555,12.803,0.68661
26,3,163,194,40,107,1,-5.6832,16.861,0.5943
26,4,266,183,55,126,1,-3.8777,16.508,0.56634
26,5,322,192,44,122,1,-3.1504,16.217,0.55927
26,6,208,192,51,106,1,-5.0871,17.45,0.56528
27,2,8,138,91,240,1,-4.681,12.847,0.68877
27,3,159,198,39,107,1,-5.539,16.527,0.6052
27,4,268,179,49,128,1,-3.9306,16.769,0.56449
27,5,322,186,46,125,1,-3.1696,16.545,0.55459
27,6,204,192,53,104,1,-5.2162,17.773,0.56392
27,7,103,205,29,63,1,-11.179,23.629,0.52819
28,2,2,134,82,244,1,-4.7721,12.924,0.68807
28,3,150,198,44,107,1,-5.653,16.628,0.60516
28,4,264,186,57,123,1,-3.9043,16.712,0.56639
28,5,314,188,50,123,1,-3.2628,16.661,0.5544
28,6,202,190,46,106,1,-5.328,17.892,0.5638
28,7,101,205,29,65,1,-10.764,23.001,0.53747
29,2,4,123,80,264,1,-4.6205,12.83,0.68739
29,3,152,194,40,111,1,-5.6061,16.607,0.60526
29,4,268,181,51,126,1,-3.9227,16.888,0.56318
29,5,318,186,44,123,1,-3.2743,16.837,0.55129
29,6,206,190,42,102,1,-5.4536,18.386,0.55396
29,7,94,205,31,61,1,-11.694,24.184,0.52471
30,3,144,192,48,115,1,-5.5784,16.478,0.60887
30,4,266,178,53,131,1,-3.9123,16.768,0.56651
30,5,318,177,48,132,1,-3.2708,16.909,0.54941
30,6,200,183,48,115,1,-5.2103,17.636,0.5698
30,7,94,207,29,66,1,-9.9231,21.544,0.56127
31,3,137,190,49,117,1,-5.7329,16.619,0.60622
31,4,264,179,53,130,1,-3.9881,16.94,0.5622
31,5,322,190,46,124,1,-3.2166,16.661,0.55418
31,6,195,186,51,121,1,-4.9617,16.871,0.58374
31,7,90,205,29,68,1,-10.232,21.853,0.55474
32,3,135,194,48,120,1,-5.5466,16.251,0.61003
32,4,264,188,57,123,1,-3.9747,16.992,0.55919
32,5,316,190,46,128,1,-3.2867,16.539,0.55799
32,6,195,188,49,113,1,-5.3034,17.732,0.56515
32,7,88,203,27,67,1,-11.421,23.502,0.52871
33,3,133,192,44,119,1,-5.7468,16.569,0.60882
33,4,271,183,52,131,1,-3.88,16.844,0.56314
33,5,320,188,44,128,1,-3.2942,16.8,0.55235
33,6,198,185,46,113,1,-5.4457,18.202,0.55823
33,7,83,203,32,70,1,-10.742,22.475,0.55035
34,3,131,190,44,126,1,-5.6447,16.41,0.61149
34,4,266,179,53,137,1,-3.9471,16.927,0.56184
34,5,318,192,48,124,1,-3.3281,17.064,0.54514
34,6,191,186,50,119,1,-5.2915,17.68,0.56917
34,7,81,207,27,68,1,-10.779,22.429,0.55301
35,3,122,190,46,130,1,-5.6526,16.317,0.61757
35,4,264,183,48,135,1,-3.9987,16.982,0.56237
35,5,316,192,46,126,1,-3.3637,17.117,0.54451
35,6,187,186,48,128,1,-5.0751,17.057,0.58417
35,7,77,207,29,72,1,-10.352,21.841,0.56814
36,3,111,196,51,130,1,-5.5786,16.088,0.61887
36,4,266,188,46,130,1,-4.0196,17.232,0.55484
36,5,314,192,46,128,1,-3.3855,17.196,0.54266
36,6,182,186,55,132,1,-5.0115,16.955,0.58314
36,7,64,209,33,70,1,-10.878,22.252,0.55886
37,3,107,190,44,132,1,-5.6767,16.215,0.61351
37,4,258,181,52,133,1,-4.0804,17.379,0.54715
37,5,316,194,46,122,1,-3.3521,17.36,0.53253
37,6,178,179,46,137,1,-5.057,16.926,0.5804
37,7,62,205,33,72,1,-10.595,21.986,0.55179
38,3,98,190,44,134,1,-5.6725,16.1,0.61754
38,4,265,188,45,121,1,-4.1212,17.845,0.53389
38,5,314,192,46,128,1,-3.3319,17.04,0.53971
38,6,174,181,48,141,1,-4.8864,16.51,0.58871
38,7,55,205,38,74,1,-10.106,21.268,0.5664
39,3,96,181,53,145,1,-5.4844,15.877,0.62064
39,4,258,181,53,127,1,-4.1385,17.673,0.54249
39,5,314,186,46,132,1,-3.3514,17.013,0.54457
39,6,172,168,59,146,1,-5.0025,16.904,0.58194
39,7,51,201,38,76,1,-9.9126,20.879,0.57302
40,3,98,183,47,146,1,-5.4725,15.883,0.61559
40,4,264,188,44,128,1,-4.0197,17.21,0.55013
40,5,309,183,55,135,1,-3.3976,17.187,0.53847
40,6,165,175,55,141,1,-5.1151,16.913,0.58001
40,7,49,203,40,76,1,-9.8655,20.823,0.56561
41,3,90,183,52,146,1,-5.6064,16.033,0.61867
41,4,264,183,44,131,1,-4.1177,17.586,0.54798
41,5,314,194,44,124,1,-3.4509,17.398,0.53981
41,6,152,171,68,155,1,-4.9779,16.441,0.5954
41,7,47,198,37,79,1,-10.625,21.725,0.5662
42,3,88,171,57,160,1,-5.5481,16.01,0.62121
42,4,262,177,55,139,1,-4.0538,17.502,0.5517
42,5,314,190,50,128,1,-3.4342,17.475,0.54
42,6,157,166,59,158,1,-5.0377,16.634,0.59444
42,7,47,198,37,79,1,-10.559,21.71,0.57075
43,3,79,173,53,164,1,-5.4926,15.783,0.62613
43,4,264,186,53,132,1,-4.0258,17.424,0.55147
43,5,316,190,46,128,1,-3.4547,17.543,0.53641
43,6,157,162,61,164,1,-4.9895,16.599,0.5937
43,7,43,198,31,79,1,-10.684,21.674,0.57504
44,3,75,168,48,167,1,-5.5854,15.871,0.62625
44,4,266,181,44,135,1,-4.0899,17.559,0.54955
44,5,314,186,41,128,1,-3.5603,17.838,0.53091
44,6,152,155,57,167,1,-5.1528,16.814,0.59187
44,7,34,194,40,83,1,-10.475,21.31,0.58352
45,3,58,164,63,171,1,-5.657,15.885,0.63954
45,4,268,173,49,141,1,-4.0679,17.721,0.55777
45,5,314,181,46,133,1,-3.536,17.838,0.54267
45,6,144,147,61,175,1,-5.2006,16.817,0.60608
45,7,34,194,40,85,1,-9.9445,20.733,0.61836
46,3,49,164,66,182,1,-5.4845,15.578,0.65307
46,4,271,175,46,136,1,-4.1507,18.156,0.56636
46,5,311,179,49,135,1,-3.5948,18.027,0.55705
46,6,137,149,64,173,1,-5.3168,16.953,0.61874
46,7,32,194,35,83,1,-10.56,21.395,0.6347
47,3,49,164,66,188,1,-5.4066,15.515,0.65221
47,4,268,175,53,136,1,-4.1981,18.325,0.56563
47,5,314,186,39,130,1,-3.6433,18.02,0.56026
47,6,137,143,68,198,1,-4.8999,16.172,0.62715
47,7,23,196,42,85,1,-10.262,20.875,0.64133
48,3,27,158,83,201,1,-5.3554,15.335,0.65395
48,4,271,177,46,134,1,-4.1891,18.259,0.56843
48,5,311,183,44,131,1,-3.6692,18.115,0.56119
48,6,126,143,72,196,1,-5.01,16.262,0.62732
49,3,21,155,78,212,1,-5.348,15.286,0.65037
49,4,266,181,49,135,1,-4.2268,18.204,0.5639
49,5,314,188,39,128,1,-3.7021,18.306,0.55113
49,6,126,140,66,210,1,-4.9096,16.055,0.6247
50,3,17,151,82,218,1,-5.3429,15.322,0.65479
50,4,268,179,53,135,1,-4.2361,18.469,0.5651
50,5,309,186,53,132,1,-3.6811,18.252,0.55824
50,6,118,138,78,210,1,-4.9846,16.213,0.62848
51,3,8,151,76,227,1,-5.3255,15.236,0.65656
51,4,268,177,51,137,1,-4.3185,18.773,0.5602
51,5,314,196,46,122,1,-3.7126,18.548,0.55249
51,6,98,143,92,214,1,-4.9914,16.046,0.63236
52,3,0,143,74,233,1,-5.4653,15.38,0.65396
52,4,271,181,50,135,1,-4.295,18.826,0.5579
52,5,311,194,44,124,1,-3.7977,18.754,0.54957
52,6,98,132,96,231,1,-4.9172,16.002,0.62995
53,4,268,177,49,134,1,-4.4218,19.235,0.54571
53,5,305,186,50,130,1,-3.8534,18.885,0.54242
53,6,83,121,90,259,1,-4.7948,15.585,0.6345
54,4,268,186,47,130,1,-4.3629,18.919,0.5449
54,5,309,186,49,134,1,-3.7879,18.693,0.5383
54,6,62,117,104,259,1,-4.9755,15.76,0.63125
55,4,268,179,53,137,1,-4.3514,19.017,0.54546
55,5,305,192,50,128,1,-3.8572,18.781,0.5404
55,6,58,106,110,294,1,-4.7015,15.363,0.63771
56,4,275,181,44,137,1,-4.2911,18.839,0.54823
56,5,309,188,51,130,1,-3.837,18.925,0.53677
56,6,45,100,110,315,1,-4.6398,15.178,0.63958
57,4,275,181,42,137,1,-4.3167,18.857,0.54321
57,5,311,190,47,130,1,-3.8366,18.797,0.53488
57,6,27,93,126,341,1,-4.5468,15.006,0.64071
58,4,277,186,48,130,1,-4.3176,19.114,0.52516
58,5,311,196,47,122,1,-3.8855,19.031,0.51817
58,6,15,87,117,353,1,-4.6073,15.012,0.63783
59,4,279,183,48,129,1,-4.3749,19.512,0.5122
59,5,309,192,51,124,1,-3.9254,19.252,0.50938
59,6,6,72,126,403,1,-4.4186,14.788,0.63938
60,4,279,186,46,128,1,-4.3992,19.52,0.51315
60,5,316,188,39,130,1,-3.931,19.274,0.50904
60,6,2,57,110,408,1,-4.5583,14.947,0.63866
61,4,279,181,51,130,1,-4.4532,19.916,0.50518
61,5,314,194,44,126,1,-3.9354,19.238,0.5115
62,4,277,181,50,126,1,-4.5705,20.25,0.48949
62,5,311,190,53,128,1,-3.9555,19.374,0.50032
62,8,137,211,25,62,1,-10.027,25.908,0.45176
62,9,249,211,23,64,1,-6.8401,25.994,0.3802
63,4,283,183,42,131,1,-4.4215,19.628,0.50161
63,5,318,188,46,132,1,-3.9077,19.25,0.50032
63,8,137,209,27,61,1,-10.48,26.859,0.43814
63,9,247,211,27,66,1,-6.5891,25.157,0.39553
64,4,286,179,44,135,1,-4.3885,19.721,0.49962
64,5,318,190,53,128,1,-3.9021,19.49,0.49457
64,8,135,211,23,59,1,-10.507,26.746,0.44783
64,9,247,214,29,59,1,-6.928,26.479,0.37056
65,4,283,179,47,137,1,-4.3894,19.605,0.50926
65,5,322,190,42,126,1,-3.9535,19.682,0.49591
65,8,133,211,27,57,0,-10.828,27.394,0.45922
65,9,244,211,28,62,1,-6.9708,26.328,0.38961
66,4,288,183,44,133,1,-4.3892,19.783,0.5064
66,5,324,190,42,130,1,-3.9319,19.559,0.50079
66,8,133,218,22,50,0,-11.185,27.902,0.45819
66,9,243,207,26,66,1,-7.1615,26.76,0.3863
67,4,288,186,39,134,1,-4.3934,19.636,0.51135
67,5,322,196,44,126,1,-3.9527,19.571,0.50233
67,8,133,214,27,56,0,-10.805,27.453,0.45837
67,9,243,211,24,66,1,-6.8786,25.777,0.40736
68,4,285,183,41,133,1,-4.4994,20.058,0.50358
68,5,317,186,48,136,1,-4.0101,19.69,0.50146
68,8,130,218,26,52,0,-10.962,27.602,0.45901
68,9,242,211,24,62,1,-7.3623,27.352,0.37729
69,4,278,186,51,132,1,-4.5227,20.065,0.49772
69,5,323,192,46,128,1,-3.9912,20.007,0.48636
69,8,134,218,22,55,0,-10.447,26.894,0.44995
69,9,237,209,27,70,1,-6.9367,25.725,0.39705
70,4,280,179,49,141,1,-4.4818,19.938,0.48951
70,5,321,190,48,130,1,-4.0093,20.023,0.47526
70,8,130,220,26,53,0,-10.307,26.621,0.43157
70,9,239,214,27,63,1,-6.9852,26.129,0.3643
71,4,285,182,44,137,1,-4.4786,20.059,0.48283
71,5,328,191,41,128,1,-3.9917,20.138,0.46738
71,8,128,219,24,53,0,-10.558,26.963,0.43159
71,9,239,212,25,68,1,-6.7251,25.217,0.38329
72,4,289,188,46,132,1,-4.4368,20.113,0.47997
72,5,325,188,51,130,1,-4.0038,20.34,0.46178
72,8,134,218,16,52,0,-10.93,27.788,0.40786
72,9,235,209,29,70,1,-6.8871,25.594,0.37231
73,4,280,188,53,132,1,-4.5158,20.177,0.47474
73,5,332,192,46,130,1,-3.9412,20.13,0.46056
73,8,130,222,20,48,0,-11.01,27.892,0.40399
73,9,239,214,25,67,1,-6.6871,25.148,0.37421
74,4,289,190,48,130,1,-4.4657,20.303,0.47506
74,5,332,192,50,130,1,-3.9419,20.247,0.46272
74,8,128,220,24,50,0,-11.062,28.045,0.41231
74,9,235,211,29,68,1,-6.9279,25.81,0.37045
75,4,287,192,52,128,1,-4.5165,20.524,0.46856
75,5,334,196,51,130,1,-3.9297,20.192,0.46377
75,8,132,222,20,51,0,-10.759,27.645,0.40701
75,9,233,211,29,72,1,-6.826,25.307,0.37854
76,4,287,183,52,136,1,-4.5464,20.639,0.45974
76,5,338,196,49,133,1,-3.9049,20.059,0.46182
76,8,130,220,22,53,0,-10.662,27.444,0.39931
76,9,235,207,29,76,1,-6.759,25.234,0.36958
77,4,293,188,51,132,1,-4.5008,20.725,0.45402
77,5,338,194,49,130,1,-3.9556,20.525,0.44646
77,8,128,222,20,53,0,-10.464,26.988,0.4044
77,9,233,209,29,77,1,-6.6557,24.785,0.37771
78,4,289,186,50,132,1,-4.6079,20.955,0.44826
78,5,343,194,44,135,1,-3.9326,20.293,0.4518
78,8,130,220,24,53,0,-10.769,27.781,0.39001
78,9,235,211,31,72,1,-6.8334,25.564,0.35707
79,4,295,186,53,134,1,-4.4983,20.824,0.45407
79,5,345,194,46,132,1,-3.9271,20.507,0.44908
79,8,128,220,24,55,0,-10.19,26.706,0.41738
79,9,231,209,35,74,1,-6.7989,25.343,0.37114
80,4,302,186,44,132,1,-4.5183,21.081,0.44645
80,5,345,188,48,136,1,-3.9499,20.742,0.44269
80,8,130,220,20,50,0,-11.248,28.628,0.37858
80,9,231,211,29,72,1,-6.8923,25.432,0.36885
80,10,192,224,25,57,0,-7.9291,25.645,0.38857
81,4,297,186,55,132,1,-4.5324,21.151,0.44471
81,5,345,194,48,135,1,-3.9526,20.497,0.45013
81,8,128,218,22,55,0,-10.602,27.475,0.40443
81,9,233,205,29,78,1,-6.8567,25.479,0.369
81,10,190,222,22,59,1,-8.0038,25.655,0.39363
82,4,300,190,52,130,1,-4.5111,21.089,0.45723
82,5,347,192,57,134,1,-3.9123,20.781,0.45057
82,8,130,220,22,53,0,-10.488,27.451,0.42619
82,9,226,203,36,85,1,-6.6005,24.471,0.4121
82,10,181,216,29,65,1,-8.1041,25.632,0.41728
83,4,291,188,55,132,1,-4.6242,21.166,0.46012
83,5,347,194,53,135,1,-3.9504,20.692,0.45824
83,8,128,218,24,52,0,-11.11,28.534,0.39764
83,9,233,205,29,81,1,-6.6776,24.943,0.3989
83,10,186,220,24,61,1,-8.0621,25.696,0.40908
84,4,297,190,55,132,1,-4.5576,21.126,0.45568
84,5,356,194,48,137,1,-3.9007,20.66,0.45317
84,8,128,218,26,55,0,-10.631,27.781,0.40939
84,9,226,205,36,81,1,-6.7884,25.07,0.39426
84,10,181,218,29,65,1,-7.991,25.42,0.41374
85,4,295,188,53,132,1,-4.6476,21.487,0.45318
85,5,353,196,49,135,1,-3.9458,20.855,0.45397
85,8,128,222,22,53,0,-10.627,27.766,0.42105
85,9,229,209,29,79,1,-6.79,25.119,0.40233
85,10,181,220,29,63,1,-8.169,25.923,0.41324
86,4,295,188,53,136,1,-4.6466,21.489,0.45685
86,5,356,196,48,135,1,-3.939,21.118,0.45
86,8,125,222,25,53,0,-11.248,28.873,0.411
86,9,226,211,32,77,1,-7.016,25.796,0.39411
86,10,179,220,27,68,1,-8.02,25.493,0.42698
87,4,297,188,53,136,1,-4.6336,21.625,0.45401
87,5,356,198,50,131,1,-3.939,21.375,0.44413
87,8,123,224,27,53,0,-10.937,28.407,0.41906
87,9,220,209,33,85,1,-6.7603,24.774,0.41848
87,10,177,222,25,68,1,-7.9393,25.269,0.43326
88,4,293,188,57,136,1,-4.64,21.584,0.45778
88,5,353,194,51,132,1,-3.9725,21.539,0.44268
88,8,123,224,25,49,0,-11.515,29.533,0.40943
88,9,214,203,37,87,1,-6.9714,25.294,0.41374
88,10,173,222,26,64,1,-8.2267,25.876,0.42862
88,11,274,220,31,72,1,-5.7853,25.166,0.38822
89,4,300,192,54,132,1,-4.5862,21.65,0.45723
89,5,362,194,44,130,1,-3.9263,21.739,0.43801
89,8,121,222,25,51,0,-11.491,29.458,0.4216
89,9,220,203,33,87,1,-6.8775,25.324,0.41609
89,10,168,218,31,72,1,-7.8867,25.051,0.44916
89,11,272,218,31,72,1,-5.8971,25.547,0.38511
90,4,291,183,63,135,1,-4.6536,21.797,0.45628
90,5,358,192,46,130,1,-3.9616,21.624,0.44444
90,8,117,211,29,59,1,-10.997,28.59,0.42884
90,9,209,201,40,80,1,-7.2821,26.159,0.40453
90,10,164,214,29,67,1,-8.3137,25.853,0.43687
90,11,272,214,31,76,1,-5.6975,24.717,0.40473
91,4,297,190,53,130,1,-4.6738,21.956,0.46375
91,5,356,194,50,130,1,-3.9851,21.774,0.45155
91,8,119,216,25,57,0,-11.004,28.655,0.45567
91,9,218,203,31,85,1,-6.9367,25.437,0.43489
91,10,164,211,35,77,1,-7.9133,25.151,0.46519
91,11,269,209,34,77,1,-6.0262,26.099,0.39719
92,4,304,190,50,134,1,-4.6088,21.929,0.47788
92,5,358,194,48,132,1,-3.9901,21.877,0.46363
92,8,117,216,29,57,0,-11.517,29.633,0.47957
92,9,214,198,35,92,1,-7.0056,25.57,0.4571
92,10,164,211,29,77,1,-8.1814,25.663,0.48428
92,11,265,216,33,74,1,-6.0488,25.81,0.42801
93,4,304,188,50,132,1,-4.6404,22.201,0.47387
93,5,364,196,42,130,1,-3.9646,21.87,0.46436
93,8,117,218,24,52,0,-11.953,30.367,0.4754
93,9,216,201,31,89,1,-6.9107,25.376,0.4602
93,10,162,214,33,69,1,-8.5221,26.52,0.47503
93,11,263,211,35,81,1,-5.9207,25.239,0.43857
94,4,300,181,54,133,1,-4.7122,22.498,0.46334
94,5,362,190,44,128,1,-4.0014,22.289,0.45108
94,8,119,216,29,52,0,-11.559,30.004,0.4559
94,9,207,196,42,92,1,-6.9233,25.234,0.45382
94,10,162,209,29,74,1,-8.2686,25.9,0.47081
94,11,263,216,31,70,1,-6.0914,25.821,0.42047
95,4,306,179,46,135,1,-4.6945,22.492,0.45898
95,5,366,183,49,137,1,-3.9435,22.156,0.44914
95,8,121,214,25,52,0,-11.764,30.428,0.44123
95,9,209,194,36,94,1,-6.8875,25.106,0.44996
95,10,158,207,31,76,1,-8.2317,25.725,0.4672
95,11,263,209,31,77,1,-6.0554,25.67,0.41734
96,4,306,183,51,131,1,-4.6742,22.603,0.46566
96,5,360,186,48,132,1,-4.0282,22.395,0.45437
96,8,117,211,29,55,0,-11.808,30.499,0.47226
96,9,209,192,36,94,1,-7.0113,25.557,0.46008
96,10,155,211,29,75,1,-8.0571,25.256,0.49182
96,11,259,211,33,79,1,-5.9614,25.101,0.4442
97,4,308,171,53,140,1,-4.6596,22.713,0.47862
97,5,360,183,50,133,1,-4.0358,22.435,0.4689
97,9,203,183,44,100,1,-7.0681,25.642,0.48069
97,10,155,201,29,78,1,-8.4191,26.08,0.50492
97,11,257,207,35,81,1,-5.9647,25.048,0.46542
97,12,280,205,27,74,1,-5.9662,26.778,0.43232
98,4,306,175,57,136,1,-4.6717,22.81,0.47982
98,5,368,181,49,135,1,-3.9605,22.536,0.46805
98,9,207,183,38,103,1,-6.8974,25.268,0.4878
98,10,155,201,27,80,1,-8.2875,25.833,0.51024
98,11,259,207,33,79,1,-6.0341,25.483,0.46366
98,12,278,203,27,72,1,-6.2076,27.849,0.42514
99,4,304,173,55,136,1,-4.7229,23.069,0.49087
99,5,368,181,47,135,1,-3.9684,22.63,0.48016
99,9,198,183,45,100,1,-7.1707,25.9,0.50316
99,10,147,198,31,83,1,-8.4154,25.968,0.53133
99,11,254,205,32,78,1,-6.25,26.121,0.47797
99,12,272,205,31,72,1,-6.1807,27.471,0.45474
100,4,308,171,51,138,1,-4.7325,23.205,0.49177
100,5,366,183,49,133,1,-4.009,22.772,0.47926
100,9,201,183,35,103,1,-7.0643,25.468,0.51777
100,10,147,196,31,85,1,-8.4303,26.01,0.54594
100,11,254,203,32,87,1,-6.0191,25.101,0.49543
100,12,280,209,25,66,1,-6.2291,28.191,0.45011
101,4,304,168,59,143,1,-4.7461,23.14,0.50605
101,5,366,179,44,135,1,-4.0695,23.026,0.4881
101,9,198,181,40,102,1,-7.2774,26.042,0.53801
101,10,145,194,33,87,1,-8.4573,26.042,0.57214
101,11,252,203,34,83,1,-6.2179,25.805,0.51075
101,12,282,209,25,70,1,-6.0322,27.308,0.48402
102,4,308,171,51,138,1,-4.782,23.446,0.53353
102,5,362,177,48,137,1,-4.1066,23.162,0.51878
102,9,194,181,40,105,1,-7.1983,25.669,0.57571
102,10,143,194,33,85,1,-8.7234,26.577,0.60666
102,11,250,198,31,90,1,-6.226,25.631,0.55123
102,12,274,203,27,72,1,-6.4081,28.475,0.53098
103,4,304,171,55,138,1,-4.8445,23.937,0.54761
103,5,366,186,51,130,1,-4.0325,23.448,0.53142
103,9,190,183,40,105,1,-7.4078,26.182,0.59425
103,10,138,198,31,85,1,-8.8761,26.762,0.62549
103,11,248,201,31,87,1,-6.4349,26.49,0.56914
103,12,272,207,26,76,1,-6.2515,27.656,0.55732
104,4,302,177,52,137,1,-4.8368,23.715,0.5501
104,5,366,181,46,137,1,-4.0463,23.509,0.53323
104,9,183,183,42,107,1,-7.453,26.179,0.59492
104,10,128,198,35,92,1,-8.4768,25.801,0.62074
104,11,246,196,29,98,1,-6.2673,25.826,0.56989
104,12,267,205,29,78,1,-6.3627,28.132,0.55785
105,4,300,173,57,136,1,-4.8655,24.287,0.55287
105,5,362,181,50,135,1,-4.0565,23.764,0.53561
105,9,183,179,42,115,1,-7.1916,25.654,0.60329
105,10,123,196,36,94,1,-8.5379,25.909,0.63547
105,11,244,196,35,98,1,-6.226,25.946,0.57757
105,12,263,207,29,74,1,-6.5206,28.759,0.56924
106,4,302,179,52,132,1,-4.8609,24.402,0.56929
106,5,356,181,54,133,1,-4.093,24.234,0.551
106,9,177,181,42,113,1,-7.3938,26.058,0.62623
106,10,117,196,37,94,1,-8.7932,26.335,0.65967
106,11,239,198,31,98,1,-6.3296,26.039,0.60021
106,12,259,203,31,83,1,-6.3999,28.109,0.59552
107,4,302,186,50,128,1,-4.8555,24.468,0.58251
107,5,360,186,50,134,1,-4.0555,24.028,0.56399
107,9,171,179,46,117,1,-7.4771,26.248,0.6428
107,10,110,196,42,94,1,-9.1008,26.903,0.68067
107,11,237,196,38,102,1,-6.3061,26.261,0.61493
107,12,257,205,29,85,1,-6.3633,27.89,0.6144
108,4,297,179,53,139,1,-4.8358,24.301,0.58789
108,5,353,183,49,137,1,-4.1123,24.228,0.57173
108,9,162,181,53,117,1,-7.4734,26.238,0.64606
108,10,106,196,38,96,1,-9.0831,26.874,0.68181
108,11,222,198,44,103,1,-6.3865,26.059,0.62182
108,12,250,205,36,87,1,-6.33,27.837,0.61977
109,4,297,181,51,135,1,-4.8284,24.451,0.58262
109,5,347,190,57,128,1,-4.1129,24.369,0.56797
109,9,158,179,44,122,1,-7.3282,25.658,0.63291
109,10,95,198,38,98,1,-8.7486,26.007,0.66181
109,11,218,196,40,107,1,-6.3219,25.656,0.61221
109,12,248,205,31,85,1,-6.3998,28.055,0.61155
110,4,295,175,57,141,1,-4.8193,24.51,0.57929
110,5,351,186,53,132,1,-4.0953,24.42,0.56594
110,9,147,175,48,123,1,-7.644,26.12,0.63027
110,10,87,198,44,100,1,-8.6679,25.769,0.64958
110,11,216,196,39,107,1,-6.3574,25.706,0.60676
110,12,244,201,35,93,1,-6.2532,27.248,0.60345
111,4,291,177,53,137,1,-4.9426,24.868,0.58312
111,5,349,188,53,132,1,-4.1403,24.404,0.56919
111,9,151,183,44,122,1,-7.2874,25.389,0.62434
111,10,87,198,37,103,1,-8.5762,25.554,0.64707
111,11,218,198,35,105,1,-6.4038,25.917,0.60837
111,12,244,203,42,87,1,-6.4118,28.369,0.60702
112,4,293,175,57,136,1,-4.9246,25.26,0.57673
112,5,356,188,48,126,1,-4.079,25.052,0.563
112,9,145,181,44,126,1,-7.2752,25.184,0.61572
112,10,82,194,42,107,1,-8.6012,25.594,0.63714
112,11,214,190,39,117,1,-6.2974,25.455,0.59919
112,12,246,201,33,91,1,-6.3645,27.946,0.59706
113,4,295,177,57,139,1,-4.8461,24.772,0.56669
113,5,347,179,50,137,1,-4.1954,24.862,0.55727
113,9,143,179,50,126,1,-7.3095,25.414,0.60012
113,10,80,194,40,111,1,-8.3005,25.08,0.61492
113,11,211,192,40,117,1,-6.2431,25.217,0.58546
113,12,246,196,31,100,1,-6.1822,27.115,0.58026
114,4,292,168,57,146,1,-4.8793,24.812,0.55471
114,5,350,181,46,135,1,-4.1848,24.727,0.54625
114,9,139,168,47,133,1,-7.4548,25.661,0.58401
114,10,70,194,38,109,1,-8.4159,25.07,0.59848
114,11,208,190,42,117,1,-6.2491,25.248,0.57036
114,12,243,196,31,98,1,-6.2043,27.096,0.56258
114,13,180,218,33,85,1,-6.856,25.571,0.57678
115,4,292,177,55,139,1,-4.8816,24.664,0.54253
115,5,350,183,44,131,1,-4.207,24.916,0.53197
115,9,133,171,46,136,1,-7.2675,25.053,0.57221
115,10,66,194,42,111,1,-8.3381,24.967,0.58708
115,11,202,186,46,123,1,-6.2458,25.087,0.55829
115,12,236,198,40,98,1,-6.1696,26.784,0.54709
115,13,178,220,33,85,1,-6.8052,25.405,0.56389
116,4,290,168,55,146,1,-4.9404,25.017,0.53433
116,5,350,188,42,128,1,-4.2306,24.914,0.5265
116,9,133,173,37,138,1,-7.2124,24.842,0.56265
116,10,58,192,46,115,1,-8.3721,24.936,0.57593
116,11,202,194,50,117,1,-6.2013,25.09,0.54895
116,12,234,201,46,100,1,-6.0383,26.312,0.53911
116,13,174,218,35,87,1,-6.8974,25.601,0.55399
117,4,296,173,53,141,1,-4.864,25.027,0.52564
117,5,342,186,48,132,1,-4.2958,24.75,0.52221
117,9,120,164,48,145,1,-7.3386,24.982,0.54972
117,10,49,192,42,119,1,-8.2103,24.504,0.56157
117,11,200,192,48,124,1,-6.0855,24.634,0.54024
117,12,234,196,38,105,1,-6.0613,26.247,0.52823
117,13,169,218,38,96,1,-6.5876,24.693,0.54462
118,4,292,175,57,141,1,-4.8766,24.863,0.5212
118,5,344,183,48,131,1,-4.2744,25.094,0.51202
118,9,116,166,52,145,1,-7.2678,24.848,0.55015
118,10,43,190,46,121,1,-8.2528,24.565,0.56438
118,11,197,190,42,124,1,-6.1975,24.821,0.53748
118,12,228,198,44,105,1,-6.0366,25.995,0.52581
118,13,161,220,42,94,1,-6.6511,24.721,0.54377
119,4,294,179,51,139,1,-4.8926,24.934,0.52325
119,5,346,186,48,132,1,-4.2574,24.998,0.51627
119,9,111,171,53,147,1,-7.1242,24.488,0.54947
119,10,34,192,48,124,1,-8.1742,24.352,0.56124
119,11,191,190,48,130,1,-6.1385,24.564,0.53883
119,12,230,198,42,103,1,-6.124,26.546,0.52324
119,13,161,220,42,96,1,-6.6438,24.785,0.54226
120,4,292,175,57,143,1,-4.8704,25.096,0.50712
120,5,342,188,44,130,1,-4.3179,25.153,0.50199
120,9,103,168,57,152,1,-7.1342,24.473,0.53195
120,10,23,194,53,128,1,-8.0059,24.05,0.54333
120,11,189,186,48,138,1,-6.0795,24.424,0.52374
120,12,230,198,35,107,1,-6.0648,26.225,0.50575
120,13,154,220,42,98,1,-6.6757,24.761,0.52531
121,4,286,173,52,145,1,-4.9186,25.148,0.4943
121,5,337,181,49,139,1,-4.2975,25.043,0.48874
121,9,94,166,53,158,1,-7.0693,24.269,0.52869
121,10,17,194,46,132,1,-7.8869,23.891,0.5423
121,11,185,183,39,143,1,-6.0795,24.361,0.51668
121,12,215,194,42,117,1,-6.0076,25.626,0.50045
121,13,148,216,40,108,1,-6.5336,24.403,0.52116
122,4,277,175,50,147,1,-4.914,24.977,0.49185
122,5,326,181,47,139,1,-4.3383,25.183,0.48159
122,9,66,162,68,164,1,-7.1568,24.262,0.53063
122,10,2,181,44,150,1,-7.7949,23.752,0.54575
122,11,167,183,51,141,1,-6.1704,24.636,0.51278
122,12,204,192,44,119,1,-6.0372,25.788,0.49571
122,13,133,214,46,112,1,-6.5367,24.415,0.52051
123,4,256,171,59,147,1,-5.0085,25.318,0.49302
123,5,314,186,48,132,1,-4.3491,25.379,0.48265
123,9,60,158,59,168,1,-7.124,24.316,0.53629
123,11,154,181,51,148,1,-6.0826,24.356,0.52061
123,12,195,196,42,115,1,-6.0076,25.805,0.50154
123,13,111,216,47,113,1,-6.5606,24.254,0.52884
124,4,258,173,52,143,1,-4.9498,25.586,0.50817
124,5,305,183,50,135,1,-4.3601,25.458,0.50167
124,9,36,151,63,180,1,-7.1458,24.132,0.551
124,11,141,177,45,154,1,-6.1446,24.342,0.53584
124,12,187,196,44,113,1,-6.0507,26.118,0.51747
124,13,94,211,51,118,1,-6.6529,24.368,0.54226
125,4,256,179,52,141,1,-4.932,25.328,0.5021
125,5,303,190,46,130,1,-4.3966,25.348,0.49769
125,9,27,147,70,186,1,-7.1541,24.154,0.53163
125,11,133,182,55,157,1,-6.0311,24.028,0.52411
125,12,180,190,44,128,1,-5.9379,25.398,0.50928
125,13,88,216,48,121,1,-6.546,24.047,0.52796
126,4,251,181,53,141,1,-4.997,25.299,0.48727
126,5,305,179,46,143,1,-4.3954,25.315,0.48187
126,9,21,147,68,192,1,-7.0982,23.973,0.52238
126,11,129,179,52,165,1,-6.0327,23.91,0.51396
126,12,176,192,48,130,1,-5.9193,25.226,0.49619
126,13,81,222,44,117,1,-6.6245,24.061,0.51715
127,4,251,179,57,139,1,-4.9882,25.549,0.48347
127,5,305,186,48,132,1,-4.3836,25.569,0.47654
127,9,15,145,78,194,1,-7.053,23.968,0.52682
127,11,120,177,55,164,1,-6.1205,24.037,0.51563
127,12,174,179,55,141,1,-5.9021,25.32,0.49654
127,13,75,214,55,127,1,-6.545,23.966,0.52124
128,4,253,179,59,137,1,-4.984,25.944,0.4873
128,5,301,183,59,141,1,-4.3825,25.349,0.48661
128,9,10,143,68,205,1,-6.9666,23.722,0.54169
128,11,118,177,59,167,1,-6.1056,24.065,0.52582
128,12,174,179,52,145,1,-5.8868,25.24,0.50823
128,13,68,214,53,132,1,-6.5559,23.893,0.53403
129,4,256,175,52,141,1,-4.995,26.09,0.48057
129,5,307,183,51,137,1,-4.3524,25.794,0.47751
129,9,15,143,67,203,1,-6.9789,23.917,0.52924
129,11,109,166,66,184,1,-6.0747,23.923,0.51957
129,12,165,183,59,146,1,-5.8767,25.035,0.50334
129,13,73,218,46,126,1,-6.5894,24.092,0.52289
130,4,254,178,54,140,1,-4.9798,25.88,0.47698
130,5,296,181,57,137,1,-4.4461,25.906,0.47146
130,9,2,134,63,223,1,-6.84,23.542,0.52662
130,11,98,162,70,190,1,-6.1002,23.873,0.51497
130,12,159,179,67,158,1,-5.7595,24.599,0.50187
130,13,53,211,49,150,1,-6.4196,23.486,0.52331
131,4,256,175,50,143,1,-4.9897,25.973,0.47099
131,5,301,179,48,141,1,-4.4525,25.846,0.46728
131,9,2,130,61,231,1,-6.7808,23.515,0.52462
131,11,96,153,70,201,1,-6.0982,23.897,0.51213
131,12,157,171,65,164,1,-5.8242,24.793,0.49648
131,13,47,216,50,147,1,-6.4402,23.516,0.5211
132,4,253,171,53,149,1,-4.996,25.768,0.472
132,5,303,175,46,145,1,-4.4545,25.792,0.46545
132,9,4,121,46,240,1,-6.8006,23.551,0.5258
132,11,81,153,74,210,1,-6.0719,23.623,0.51638
132,12,159,179,63,154,1,-5.8252,24.892,0.49459
132,13,36,205,66,160,1,-6.4154,23.498,0.52218
133,4,253,168,51,148,1,-5.0477,26.172,0.46489
133,5,303,183,48,135,1,-4.4561,26.043,0.46024
133,11,81,155,72,221,1,-5.9489,23.38,0.51617
133,12,148,177,70,162,1,-5.8354,24.699,0.4954
133,13,27,207,57,165,1,-6.4291,23.4,0.52118
134,4,256,175,48,139,1,-5.0537,26.358,0.46634
134,5,303,188,44,130,1,-4.4981,26.077,0.46404
134,11,79,151,81,231,1,-5.8783,23.321,0.51965
134,12,154,177,70,160,1,-5.8067,24.854,0.49668
134,13,23,196,66,171,1,-6.4961,23.604,0.52263
135,4,253,173,55,139,1,-5.0669,26.497,0.46033
135,5,303,178,50,141,1,-4.4813,26.002,0.46095
135,11,70,149,77,236,1,-5.9218,23.313,0.51859
135,12,148,171,63,175,1,-5.7843,24.497,0.49905
135,13,21,201,59,171,1,-6.4558,23.532,0.52155
136,4,249,174,59,141,1,-5.0888,26.396,0.46358
136,5,299,180,52,139,1,-4.5293,26.129,0.46011
136,11,55,137,87,259,1,-5.9056,23.201,0.52233
136,12,144,159,72,186,1,-5.8098,24.657,0.49924
136,13,10,197,59,184,1,-6.4321,23.428,0.52595
137,4,249,169,59,148,1,-5.0943,26.503,0.46907
137,5,303,182,48,137,1,-4.5099,26.385,0.46386
137,11,47,135,98,268,1,-5.8845,23.21,0.5226
137,12,141,161,62,197,1,-5.7658,24.353,0.50583
138,4,247,169,55,146,1,-5.1565,26.833,0.46579
138,5,296,176,57,143,1,-4.5324,26.558,0.46232
138,11,32,133,95,278,1,-5.9236,23.18,0.52516
138,12,129,161,82,197,1,-5.7887,24.482,0.50561
139,4,243,169,65,150,1,-5.1285,26.716,0.46364
139,5,305,182,48,139,1,-4.4836,26.604,0.4572
139,11,15,111,115,303,1,-5.9539,23.248,0.52376
139,12,124,154,79,214,1,-5.7608,24.306,0.50615
140,4,245,176,59,143,1,-5.1448,26.8,0.46405
140,5,301,178,57,143,1,-4.4842,26.681,0.45759
140,11,6,114,115,312,1,-5.9228,23.176,0.52555
140,12,120,157,89,218,1,-5.7015,24.22,0.50787
141,4,245,172,59,149,1,-5.1355,26.701,0.45959
141,5,296,182,53,139,1,-4.5756,26.722,0.45285
141,11,6,101,104,341,1,-5.8517,23.073,0.52301
141,12,114,150,80,240,1,-5.6647,23.951,0.50751
142,4,245,176,61,143,1,-5.1465,26.922,0.45662
142,5,299,187,52,136,1,-4.5602,26.661,0.45327
142,11,2,98,102,363,1,-5.7769,22.971,0.52298
142,12,107,141,91,251,1,-5.6692,24,0.5064
143,4,247,175,57,142,1,-5.1675,27.123,0.45901
143,5,299,182,50,137,1,-4.5815,27.004,0.45352
143,12,103,137,95,257,1,-5.6727,24.04,0.51
144,4,247,176,55,143,1,-5.1793,27.051,0.45381
144,5,296,182,62,141,1,-4.5648,26.814,0.45006
144,12,86,135,97,268,1,-5.7179,23.95,0.50808
145,4,253,174,57,141,1,-5.1371,27.498,0.44253
145,5,301,182,50,137,1,-4.5861,27.224,0.44082
145,12,79,120,113,289,1,-5.69,23.96,0.50479
146,4,245,172,59,143,1,-5.2342,27.572,0.43907
146,5,303,185,50,134,1,-4.5743,27.306,0.43603
146,12,55,114,131,315,1,-5.6656,23.756,0.50624
147,4,245,167,63,154,1,-5.1866,27.271,0.44148
147,5,305,185,46,138,1,-4.5902,27.167,0.43636
147,12,47,107,130,345,1,-5.6093,23.59,0.50849
147,14,189,204,31,76,1,-7.3135,32.697,0.37445
148,4,251,178,55,141,1,-5.1984,27.56,0.43214
148,5,301,182,50,141,1,-4.6311,27.308,0.42977
148,12,30,105,145,367,1,-5.5826,23.497,0.50867
148,14,189,208,27,76,1,-7.1849,31.953,0.37838
149,4,251,176,53,143,1,-5.2185,27.578,0.42939
149,5,301,182,46,139,1,-4.6685,27.474,0.42508
149,12,4,90,158,390,1,-5.6351,23.505,0.50627
149,14,185,210,31,74,1,-7.1844,31.785,0.37689
150,4,251,180,51,141,1,-5.2378,27.61,0.42889
150,5,303,187,48,138,1,-4.6488,27.376,0.42594
150,12,4,77,149,403,1,-5.6686,23.608,0.50676
150,14,185,209,31,74,1,-7.3185,32.361,0.36819
151,4,252,177,57,143,1,-5.2148,27.75,0.42684
151,5,300,179,54,147,1,-4.669,27.38,0.42648
151,12,5,54,141,426,1,-5.6914,23.696,0.5047
151,14,186,207,31,74,1,-7.4217,32.841,0.36467
151,15,158,196,33,81,1,-8.3435,33.823,0.35897
152,4,250,175,59,143,1,-5.2436,27.879,0.43129
152,5,300,177,50,145,1,-4.7047,27.641,0.42923
152,12,1,29,153,451,1,-5.6889,23.78,0.50293
152,14,190,201,29,80,1,-7.2735,32.536,0.37779
152,15,155,192,34,91,1,-7.8154,31.954,0.39324
152,16,128,192,33,91,1,-8.3618,31.83,0.40126
153,4,250,177,55,141,1,-5.2858,28.084,0.43104
153,5,302,181,48,143,1,-4.7018,27.705,0.43052
153,14,188,203,27,83,1,-7.1547,31.857,0.39076
153,15,153,194,34,92,1,-7.7649,31.73,0.39988
153,16,121,188,38,98,1,-8.3414,31.598,0.40869
154,4,246,171,55,145,1,-5.3692,28.387,0.42104
154,5,302,183,50,137,1,-4.7024,28.129,0.41799
154,14,183,203,29,83,1,-7.2918,32.096,0.37845
154,15,153,201,31,85,1,-7.8637,31.981,0.38692
154,16,123,192,33,96,1,-8.2847,31.468,0.40056
155,4,248,175,57,143,1,-5.3298,28.339,0.4138
155,5,300,183,50,139,1,-4.7384,28.087,0.41278
155,14,183,207,29,85,1,-7.0259,31.107,0.37974
155,15,151,198,36,88,1,-7.8766,32.107,0.36969
155,16,119,190,35,98,1,-8.3657,31.579,0.38386
156,4,246,177,61,147,1,-5.3102,28.077,0.41357
156,5,302,181,52,143,1,-4.7186,28.114,0.40754
156,14,177,203,31,85,1,-7.391,32.135,0.35672
156,15,149,201,31,89,1,-7.8134,31.652,0.36953
156,16,119,194,35,96,1,-8.3383,31.546,0.37624
157,4,248,177,59,149,1,-5.3123,28.145,0.41193
157,5,300,186,57,143,1,-4.7301,27.981,0.40851
157,14,179,207,31,87,1,-7.158,31.434,0.36917
157,15,151,198,29,89,1,-8.1249,32.696,0.35569
157,16,119,194,35,100,1,-8.2007,31.236,0.3848
158,4,250,179,59,147,1,-5.3127,28.235,0.41172
158,5,302,186,59,143,1,-4.7199,28.075,0.40666
158,14,177,207,35,89,1,-7.0965,31.178,0.37939
158,15,149,192,33,100,1,-7.8189,31.754,0.3782
158,16,117,190,35,106,1,-8.1303,30.971,0.39761
159,4,254,179,53,147,1,-5.3257,28.429,0.41733
159,5,306,192,53,134,1,-4.7207,28.473,0.40709
159,14,181,205,31,91,1,-7.1355,31.493,0.38999
159,15,149,198,33,94,1,-7.9149,32.086,0.3914
159,16,112,192,36,104,1,-8.3025,31.239,0.41282
160,4,250,181,61,145,1,-5.3361,28.526,0.42539
160,5,304,190,53,136,1,-4.754,28.57,0.41545
160,14,175,203,37,93,1,-7.2012,31.581,0.40418
160,15,149,192,31,100,1,-7.9467,32.179,0.40605
160,16,108,190,42,108,1,-8.2051,31.021,0.42935
161,4,250,175,57,151,1,-5.3675,28.547,0.42555
161,5,306,186,57,145,1,-4.7281,28.266,0.4217
161,14,179,201,33,95,1,-7.1397,31.512,0.39976
161,15,147,196,35,98,1,-7.7853,31.729,0.40475
161,16,108,186,42,112,1,-8.1641,30.969,0.42249
162,4,250,178,59,144,1,-5.3859,28.754,0.41188
162,5,308,186,56,140,1,-4.7271,28.519,0.4076
162,14,177,198,42,98,1,-7.0332,31.283,0.38708
162,15,145,196,33,96,1,-7.8617,31.801,0.38838
162,16,102,183,44,113,1,-8.2747,31.047,0.40756
163,4,250,175,57,143,1,-5.4321,29.048,0.40328
163,5,306,177,49,143,1,-4.8026,28.932,0.39739
163,14,173,201,39,97,1,-7.0215,30.925,0.38852
163,15,140,194,38,101,1,-7.7035,31.254,0.39111
163,16,100,181,44,117,1,-8.152,30.731,0.40662
164,4,257,175,57,151,1,-5.3394,28.769,0.40664
164,5,306,177,51,145,1,-4.816,29.084,0.39377
164,14,168,201,44,102,1,-7.0044,30.699,0.39174
164,15,138,192,38,106,1,-7.7442,31.265,0.39068
164,16,100,188,44,115,1,-8.045,30.5,0.4092
165,4,252,175,62,149,1,-5.422,29.061,0.39888
165,5,317,181,46,145,1,-4.7525,28.963,0.39219
165,14,173,203,42,102,1,-6.9469,30.656,0.38743
165,15,138,196,40,105,1,-7.6653,31.05,0.38899
165,16,95,186,49,117,1,-8.1668,30.665,0.40293
166,4,254,181,62,145,1,-5.4243,29.003,0.39556
166,5,310,186,53,145,1,-4.8337,28.716,0.39423
166,14,179,198,40,107,1,-6.9186,30.744,0.37858
166,15,143,196,37,105,1,-7.6589,31.135,0.37961
166,16,102,181,42,124,1,-8.0578,30.517,0.39681
167,4,254,181,62,142,1,-5.4617,29.134,0.39271
167,5,315,181,52,145,1,-4.8152,28.974,0.3876
167,14,175,196,42,111,1,-6.8683,30.344,0.38656
167,15,138,188,46,115,1,-7.5193,30.688,0.38804
167,16,95,181,49,120,1,-8.246,30.791,0.39533
168,4,261,181,55,145,1,-5.4168,29.043,0.39673
168,5,317,179,55,147,1,-4.7886,29.087,0.38946
168,14,173,192,48,115,1,-6.8727,30.451,0.38537
168,15,136,186,44,119,1,-7.5001,30.556,0.38985
168,16,95,177,53,126,1,-8.1271,30.66,0.39436
169,4,257,175,61,145,1,-5.4623,29.345,0.3953
169,5,306,181,55,143,1,-4.9251,29.117,0.39357
169,14,168,194,49,109,1,-6.9853,30.648,0.38801
169,15,132,181,48,120,1,-7.5898,30.764,0.39257
169,16,89,171,48,132,1,-8.1225,30.411,0.40504
170,4,254,173,64,145,1,-5.4853,29.449,0.39597
170,5,310,183,53,139,1,-4.8957,29.217,0.39292
170,14,168,188,53,113,1,-6.9725,30.79,0.39008
170,15,128,179,50,119,1,-7.7026,31.021,0.39488
170,16,89,168,48,135,1,-8.0589,30.362,0.4111
171,4,257,171,54,145,1,-5.5407,29.749,0.39984
171,5,308,177,53,143,1,-4.9289,29.508,0.39656
171,14,164,192,46,113,1,-6.9849,30.516,0.40417
171,15,128,175,46,126,1,-7.6363,30.829,0.40671
171,16,84,173,47,132,1,-8.0735,30.285,0.42126
172,4,257,171,54,147,1,-5.5361,29.696,0.40114
172,5,308,175,59,143,1,-4.905,29.743,0.39158
172,14,164,183,48,126,1,-6.8728,30.254,0.41017
172,15,125,173,47,134,1,-7.4575,30.336,0.41689
172,16,80,168,51,143,1,-7.8672,29.871,0.4305
173,4,257,173,57,147,1,-5.5253,29.728,0.40465
173,5,306,181,55,141,1,-4.9639,29.619,0.39949
173,14,166,186,42,123,1,-6.9405,30.478,0.40986
173,15,121,179,48,130,1,-7.5048,30.384,0.41839
173,16,72,168,59,143,1,-8.0043,30.097,0.4293
174,4,252,173,62,149,1,-5.5594,29.724,0.39581
174,5,306,181,59,141,1,-4.9564,29.761,0.3872
174,14,162,183,40,131,1,-6.9012,30.173,0.40529
174,15,121,175,48,141,1,-7.3053,29.934,0.41498
174,16,72,166,54,148,1,-7.948,29.972,0.42275
175,4,252,179,59,145,1,-5.5531,29.496,0.39709
175,5,308,177,57,145,1,-4.9569,29.664,0.38527
175,14,160,181,42,129,1,-6.9504,30.341,0.40193
175,15,115,173,50,136,1,-7.5063,30.327,0.41031
175,16,69,158,53,156,1,-7.8823,29.818,0.42521
175,17,190,198,27,90,1,-7.3763,33.002,0.35901
175,18,214,216,22,57,0,-7.7954,36.599,0.29873
176,4,259,173,55,145,1,-5.5485,29.84,0.40169
176,5,313,179,54,140,1,-4.9419,29.828,0.39244
176,14,158,173,46,138,1,-6.8863,30.153,0.41737
176,15,119,168,46,139,1,-7.4854,30.371,0.42309
176,16,65,149,57,162,1,-7.9411,29.921,0.43768
176,17,186,198,31,83,1,-7.6761,33.923,0.36711
176,18,216,209,20,61,1,-7.8555,36.904,0.32042
177,4,259,172,52,145,1,-5.6107,30.172,0.40942
177,5,315,180,52,139,1,-4.9492,30.089,0.39973
177,14,158,176,46,141,1,-6.8226,29.985,0.43222
177,15,115,161,46,149,1,-7.537,30.404,0.43781
177,16,57,150,54,167,1,-7.9395,29.732,0.45442
177,17,186,193,31,89,1,-7.7863,34.318,0.38392
177,18,214,210,26,64,1,-7.7462,36.503,0.35088
178,4,261,169,55,148,1,-5.5702,30.17,0.41354
178,5,317,182,48,139,1,-4.9604,29.955,0.40836
178,14,151,174,55,145,1,-6.7869,29.841,0.43387
178,15,106,161,50,149,1,-7.5854,30.359,0.43754
178,16,52,148,55,167,1,-8.0218,29.846,0.45004
178,17,186,195,29,89,1,-7.6221,33.715,0.39375
178,18,211,208,25,59,1,-8.3135,38.59,0.33853
179,4,265,167,51,143,1,-5.616,30.773,0.41457
179,5,317,178,46,141,1,-4.9906,30.152,0.41308
179,14,145,172,59,147,1,-6.8452,29.913,0.44281
179,15,106,161,57,154,1,-7.4005,30.084,0.44875
179,16,37,141,64,176,1,-8.0846,29.775,0.46241
179,17,183,189,27,93,1,-7.8195,34.132,0.40553
179,18,209,208,25,61,1,-8.1844,37.773,0.36647
180,4,261,172,55,143,1,-5.655,30.768,0.42406
180,5,315,178,46,139,1,-5.0384,30.655,0.41665
180,14,145,169,48,161,1,-6.7851,29.585,0.45268
180,15,104,163,52,160,1,-7.3645,29.911,0.45727
180,16,29,150,74,180,1,-7.8449,29.354,0.47002
180,17,186,191,29,96,1,-7.718,34.048,0.41744
180,18,209,208,27,66,1,-8.1069,37.501,0.38552
181,4,263,165,55,152,1,-5.6349,30.685,0.42684
181,5,317,174,46,143,1,-5.0372,30.73,0.41835
181,14,145,169,57,161,1,-6.7532,29.669,0.45261
181,15,93,157,63,166,1,-7.4369,29.968,0.45861
181,16,29,148,72,182,1,-7.8643,29.425,0.4701
181,17,179,189,31,95,1,-8.021,34.648,0.41681
181,18,209,212,29,60,1,-8.2608,38.199,0.38238
182,4,259,169,61,148,1,-5.6741,30.81,0.42344
182,5,313,174,54,143,1,-5.0615,30.862,0.41512
182,14,138,172,68,166,1,-6.6553,29.376,0.45139
182,15,93,157,57,173,1,-7.3127,29.667,0.45657
182,16,22,146,72,188,1,-7.8409,29.312,0.4671
182,17,179,193,33,97,1,-7.708,33.663,0.41831
182,18,211,212,25,62,1,-8.1496,37.664,0.38059
183,4,263,169,59,150,1,-5.6589,30.801,0.42347
183,5,317,182,52,137,1,-5.0568,30.852,0.41481
183,14,149,161,55,175,1,-6.6821,29.594,0.45055
183,15,95,141,57,189,1,-7.3342,29.787,0.45718
183,16,13,144,85,188,1,-7.9684,29.512,0.46875
183,17,178,192,32,99,1,-7.7541,33.675,0.41987
183,18,211,208,25,66,1,-8.2544,37.964,0.37922
184,4,265,172,49,145,1,-5.7395,31.037,0.42406
184,5,315,178,52,145,1,-5.1068,30.656,0.41916
184,14,140,165,68,171,1,-6.7314,29.679,0.45253
184,15,84,146,68,186,1,-7.3664,29.758,0.46068
184,16,11,137,77,201,1,-7.8754,29.306,0.47268
184,17,177,190,32,102,1,-7.7554,33.593,0.42547
184,18,214,212,20,64,1,-8.1154,37.357,0.39061
185,4,263,169,57,152,1,-5.7132,30.967,0.4321
185,5,313,185,46,140,1,-5.1794,30.728,0.42646
185,14,136,163,74,180,1,-6.6726,29.536,0.46028
185,15,78,144,74,190,1,-7.41,29.841,0.46831
185,16,5,131,72,212,1,-7.8855,29.252,0.48112
185,17,177,189,31,104,1,-7.8273,33.828,0.43587
185,18,211,210,27,68,1,-8.113,37.407,0.40543
186,4,259,167,57,154,1,-5.7797,31.041,0.43117
186,5,315,180,50,145,1,-5.1547,30.813,0.4244
186,14,123,159,78,190,1,-6.6953,29.352,0.46148
186,15,67,139,68,204,1,-7.3474,29.471,0.46973
186,16,1,124,74,229,1,-7.6736,28.955,0.47967
186,17,179,189,36,104,1,-7.7581,33.891,0.43115
186,18,214,210,22,68,1,-8.1088,37.416,0.40071
187,4,267,172,51,145,1,-5.7513,31.186,0.42405
187,5,315,180,48,141,1,-5.1917,30.958,0.41839
187,14,130,152,69,203,1,-6.5657,29.101,0.45864
187,15,61,135,80,205,1,-7.3527,29.527,0.46546
187,16,3,114,63,241,1,-7.5947,28.846,0.47641
187,17,179,180,29,113,1,-7.6782,33.416,0.42781
187,18,216,212,22,62,1,-8.136,37.662,0.38819
188,4,265,169,53,148,1,-5.7991,31.488,0.41872
188,5,313,176,50,145,1,-5.2198,31.243,0.41339
188,14,123,152,81,210,1,-6.5345,29.06,0.4567
188,15,52,137,85,218,1,-7.179,29.153,0.46467
188,17,173,180,35,120,1,-7.5557,32.929,0.4269
188,18,211,208,25,70,1,-8.1307,37.324,0.38484
189,4,257,165,59,147,1,-5.9194,31.835,0.41212
189,5,306,172,61,145,1,-5.2671,31.492,0.40658
189,14,119,141,76,219,1,-6.6108,29.151,0.455
189,15,46,133,83,227,1,-7.1456,29.026,0.46448
189,17,173,176,31,124,1,-7.551,32.816,0.42448
189,18,209,208,31,68,1,-8.169,37.518,0.37655
190,4,259,167,61,150,1,-5.8819,31.811,0.41087
190,5,306,178,53,149,1,-5.3158,31.127,0.41138
190,14,112,137,85,231,1,-6.5902,29.104,0.45307
190,15,39,124,90,236,1,-7.243,29.212,0.46068
190,17,171,195,35,107,1,-7.6235,33.08,0.41932
190,18,211,215,25,65,1,-8.1696,37.443,0.37428
191,4,259,178,57,145,1,-5.881,31.516,0.41214
191,5,310,178,55,149,1,-5.2821,31.298,0.40568
191,14,104,135,93,239,1,-6.5806,29.048,0.45544
191,15,31,120,87,244,1,-7.2792,29.185,0.46453
191,17,168,197,36,105,1,-7.7267,33.286,0.41767
191,18,216,212,22,68,1,-8.1974,37.881,0.36468
192,4,257,174,59,149,1,-5.9209,31.655,0.40683
192,5,310,180,55,147,1,-5.3052,31.445,0.40013
192,14,97,137,94,259,1,-6.4369,28.638,0.45595
192,15,7,105,100,263,1,-7.36,29.127,0.46362
192,17,162,193,44,111,1,-7.7122,33.165,0.41406
192,18,216,212,24,72,1,-7.9473,36.946,0.36621
193,4,263,176,59,145,1,-5.8772,31.879,0.40353
193,5,310,180,59,150,1,-5.2908,31.318,0.40261
193,14,91,133,96,272,1,-6.4051,28.545,0.45482
193,15,7,105,98,281,1,-7.0998,28.772,0.46167
193,18,214,212,26,70,1,-8.0894,37.457,0.36152
194,4,261,176,57,149,1,-5.8935,31.681,0.40794
194,5,310,180,55,147,1,-5.3326,31.613,0.40131
194,14,91,122,98,296,1,-6.3245,28.435,0.45496
194,15,5,98,96,296,1,-7.0355,28.709,0.461
194,18,214,210,26,74,1,-7.9802,37.048,0.36764
195,4,265,176,61,149,1,-5.8459,31.798,0.4057
195,5,306,182,57,148,1,-5.3807,31.518,0.40389
195,14,74,116,119,328,1,-6.2277,28.181,0.4542
195,15,7,98,87,305,1,-6.9679,28.638,0.45695
195,18,216,212,27,72,1,-7.9605,37.201,0.36347
196,4,261,174,63,145,1,-5.9488,32.285,0.40062
196,5,308,182,55,143,1,-5.3995,31.894,0.39953
196,14,72,111,121,337,1,-6.2278,28.223,0.45376
196,18,214,210,22,74,1,-8.0512,37.123,0.36357
197,4,263,172,53,147,1,-6.0065,32.436,0.39574
197,5,310,178,53,145,1,-5.4064,32.187,0.3931
197,14,59,98,130,361,1,-6.231,28.203,0.45233
197,18,207,212,33,72,1,-8.1541,37.43,0.35249
198,4,261,176,59,145,1,-5.9761,32.299,0.38521
198,5,313,178,52,145,1,-5.3849,32.209,0.38227
198,14,39,86,135,381,1,-6.2797,28.201,0.44717
198,18,211,212,25,75,1,-7.9157,36.578,0.33675
199,4,263,178,55,147,1,-5.9686,32.081,0.36355
199,5,310,180,55,145,1,-5.4286,32.144,0.3598
199,14,20,66,152,414,1,-6.28,28.168,0.43664
199,18,209,215,31,74,1,-7.8031,36.141,0.29802
200,4,263,178,57,149,1,-5.9579,32.058,0.35741
200,5,313,185,52,149,1,-5.4116,31.679,0.35864
200,14,9,60,160,420,1,-6.323,28.259,0.43873
200,18,209,210,34,81,1,-7.7143,35.95,0.29932
201,4,269,174,53,149,1,-5.9756,32.388,0.36435
201,5,317,187,48,145,1,-5.4269,31.859,0.3671
201,14,5,34,158,446,1,-6.362,28.335,0.44251
201,18,207,210,38,81,1,-7.7245,35.893,0.32264
202,4,261,178,65,156,1,-5.959,31.899,0.3745
202,5,319,187,48,147,1,-5.4352,31.961,0.36868
202,14,3,12,134,468,1,-6.4477,28.425,0.43827
202,18,218,217,27,74,1,-7.7616,36.396,0.31413
202,19,132,176,52,160,1,-7.3185,31.512,0.39349
202,20,194,210,29,77,1,-8.4657,37.154,0.30761
202,21,162,208,31,76,1,-9.383,37.718,0.30632
203,4,267,174,55,153,1,-6.0181,32.358,0.37099
203,5,313,185,54,147,1,-5.4931,32.088,0.37015
203,18,214,215,31,74,1,-7.9016,36.724,0.31905
203,19,115,174,65,166,1,-7.3512,31.356,0.4004
203,20,188,210,31,77,1,-8.5617,37.061,0.32014
203,21,162,212,33,72,1,-9.3521,37.675,0.31805
204,4,265,174,59,147,1,-6.0882,32.764,0.37754
204,5,315,182,54,148,1,-5.5016,32.212,0.37969
204,18,216,212,24,77,1,-7.8902,36.491,0.34223
204,19,112,165,55,171,1,-7.5105,31.54,0.40852
204,20,190,208,31,76,1,-8.6699,37.5,0.33548
204,21,162,208,31,74,1,-9.4624,37.871,0.33788
204,22,46,154,70,180,1,-8.1454,31.486,0.41539
205,4,267,174,53,145,1,-6.1302,32.994,0.37039
205,5,315,178,52,147,1,-5.536,32.626,0.37115
205,18,214,210,31,79,1,-7.848,36.502,0.33119
205,19,100,159,69,179,1,-7.5124,31.496,0.40423
205,20,194,210,27,74,1,-8.5969,37.476,0.3225
205,21,162,202,31,85,1,-8.9833,36.656,0.33803
205,22,35,148,76,192,1,-8.0419,31.243,0.41235
206,4,263,172,57,145,1,-6.1772,33.104,0.36673
206,5,317,176,52,145,1,-5.5372,32.863,0.3625
206,18,209,206,34,83,1,-7.8688,36.321,0.33746
206,19,104,154,63,186,1,-7.4564,31.451,0.40867
206,20,190,206,29,74,1,-8.905,38.253,0.32014
206,21,158,204,33,78,1,-9.3968,37.602,0.3365
206,22,31,146,76,194,1,-8.0777,31.292,0.41894
207,4,261,174,63,147,1,-6.1769,33.162,0.38209
207,5,315,176,48,147,1,-5.6056,33.072,0.37899
207,18,211,208,34,83,1,-7.913,36.658,0.35257
207,19,93,157,70,190,1,-7.4625,31.365,0.41321
207,20,188,206,29,78,1,-8.8997,38.113,0.34221
207,21,158,204,31,83,1,-9.2673,37.243,0.3554
207,22,24,150,66,197,1,-8.0952,31.19,0.41995
208,4,261,180,63,147,1,-6.1524,32.912,0.38514
208,5,315,180,59,145,1,-5.5592,33.114,0.37798
208,18,209,210,36,83,1,-7.9249,36.63,0.35357
208,19,95,159,64,192,1,-7.442,31.354,0.41447
208,20,188,210,31,79,1,-8.63,37.354,0.35027
208,21,155,206,34,81,1,-9.4531,37.663,0.353
208,22,13,146,81,207,1,-8.0348,31.107,0.42221
209,4,269,174,64,151,1,-6.1006,33.199,0.37844
209,5,317,185,57,145,1,-5.5633,32.904,0.37814
209,18,214,212,29,81,1,-7.9513,36.823,0.34613
209,19,74,154,82,206,1,-7.41,31.11,0.41511
209,20,183,208,34,81,1,-8.767,37.535,0.34321
209,21,153,206,36,83,1,-9.3659,37.392,0.3496
209,22,3,141,89,214,1,-8.0678,31.123,0.41993
210,4,267,174,64,156,1,-6.1163,32.932,0.37985
210,5,319,189,55,141,1,-5.5873,32.988,0.37493
210,18,211,208,34,87,1,-7.9003,36.495,0.34816
210,19,74,150,82,212,1,-7.3997,31.125,0.41323
210,20,190,208,29,81,1,-8.7106,37.585,0.34057
210,21,155,210,29,77,1,-9.6106,37.864,0.34409
210,22,5,135,76,218,1,-8.1758,31.257,0.41766
211,4,265,180,66,150,1,-6.1552,32.998,0.38597
211,5,321,178,57,154,1,-5.5801,32.93,0.38135
211,18,214,206,31,89,1,-7.9036,36.551,0.35972
211,19,69,150,81,218,1,-7.3693,31.01,0.42145
211,20,188,210,29,79,1,-8.7833,37.623,0.35515
211,21,155,208,32,81,1,-9.4295,37.469,0.36312
211,22,1,129,76,237,1,-7.9397,30.916,0.428
212,4,269,172,60,155,1,-6.2121,33.34,0.38724
212,5,317,182,59,145,1,-5.6617,33.399,0.38234
212,18,207,208,36,92,1,-7.8346,35.921,0.3724
212,19,57,134,89,244,1,-7.3193,30.835,0.42247
212,20,186,208,31,83,1,-8.7587,37.413,0.36372
212,21,155,206,34,83,1,-9.5178,37.699,0.36657
212,22,3,121,70,244,1,-8.0107,31.049,0.42557
213,4,269,169,64,148,1,-6.3081,34.067,0.38841
213,5,321,182,59,143,1,-5.6519,33.506,0.3885
213,18,211,206,34,89,1,-7.9728,36.522,0.3786
213,19,52,141,89,242,1,-7.2906,30.755,0.4269
213,20,186,206,33,83,1,-8.8061,37.545,0.3756
213,21,153,204,36,85,1,-9.4381,37.397,0.38193
213,22,1,120,65,251,1,-7.9199,30.916,0.43032
214,4,276,176,57,145,1,-6.2464,33.861,0.39427
214,5,323,165,59,156,1,-5.6588,33.924,0.38882
214,18,211,206,38,89,1,-7.9693,36.657,0.38318
214,19,37,135,109,246,1,-7.3717,30.89,0.43056
214,20,186,208,35,81,1,-8.8226,37.682,0.38095
214,21,149,200,35,91,1,-9.399,37.103,0.39098
215,4,272,167,63,156,1,-6.2725,33.846,0.39272
215,5,317,174,68,151,1,-5.6963,33.764,0.38833
215,18,211,204,29,93,1,-8.0126,36.493,0.38352
215,19,33,124,102,264,1,-7.357,30.821,0.43074
215,20,179,200,38,89,1,-9.0051,37.856,0.37963
215,21,149,202,33,87,1,-9.6609,37.684,0.38711
216,4,276,178,57,149,1,-6.2635,33.712,0.39606
216,5,325,180,53,147,1,-5.7199,33.776,0.39004
216,18,211,204,36,96,1,-7.8966,36.265,0.3885
216,19,20,118,109,276,1,-7.3767,30.791,0.43448
216,20,183,204,34,87,1,-8.9228,37.711,0.38523
216,21,153,204,34,89,1,-9.3528,37.169,0.3946
217,4,280,176,53,147,1,-6.3335,34.277,0.39522
217,5,325,178,57,152,1,-5.7286,33.812,0.39231
217,18,214,202,33,100,1,-7.9245,36.404,0.39498
217,19,11,120,98,294,1,-7.2865,30.557,0.43856
217,20,183,202,38,91,1,-8.9516,37.876,0.39398
217,21,153,204,34,89,1,-9.5885,37.715,0.4027
218,4,280,177,57,152,1,-6.3255,34.042,0.42401
218,5,332,186,50,143,1,-5.7511,34.103,0.41543
218,18,218,205,29,96,1,-8.0941,36.941,0.43681
218,19,3,106,108,313,1,-7.3046,30.587,0.45346
218,20,183,196,36,96,1,-9.284,38.586,0.44676
218,21,151,198,36,94,1,-9.9627,38.412,0.45735
219,4,282,175,57,147,1,-6.4087,34.617,0.4365
219,5,334,183,42,148,1,-5.812,33.996,0.43016
219,18,217,205,28,93,1,-8.2668,37.325,0.45236
219,19,3,97,87,337,1,-7.2291,30.449,0.47053
219,20,190,203,31,87,1,-9.3105,38.857,0.4612
219,21,153,201,34,89,1,-10.065,38.639,0.47428
220,4,280,175,64,149,1,-6.3684,34.393,0.40656
220,5,334,183,53,148,1,-5.7646,33.97,0.40285
220,18,220,201,31,100,1,-7.97,36.615,0.40576
220,19,3,91,87,349,1,-7.178,30.447,0.45512
220,20,190,201,29,91,1,-9.0265,38.02,0.40581
220,21,151,198,33,92,1,-9.9225,38.218,0.41546
221,4,285,173,54,147,1,-6.391,34.571,0.37308
221,5,332,183,55,143,1,-5.7926,34.208,0.372
221,18,211,203,38,98,1,-7.9469,36.272,0.36546
221,20,181,198,36,96,1,-8.8057,37.167,0.36185
221,21,149,198,35,98,1,-9.2371,36.685,0.37291
222,4,283,173,57,147,1,-6.3931,34.45,0.35467
222,5,333,175,50,151,1,-5.8264,34.11,0.35557
222,18,210,198,36,103,1,-7.8972,36.012,0.34146
222,20,180,196,38,96,1,-8.7858,37.143,0.33021
222,21,139,196,42,100,1,-9.1961,36.363,0.34646
222,23,230,203,31,85,1,-8.1613,38.07,0.30979
223,4,279,168,64,152,1,-6.4279,34.501,0.34306
223,5,333,177,53,145,1,-5.8501,34.434,0.34008
223,18,208,201,36,100,1,-7.9533,36.049,0.32718
223,20,180,194,36,102,1,-8.6081,36.582,0.32264
223,21,139,196,42,100,1,-9.2223,36.414,0.32996
223,23,230,205,29,85,1,-8.1062,37.715,0.29942
224,4,279,168,59,156,1,-6.4401,34.333,0.34801
224,5,331,173,57,149,1,-5.8688,34.542,0.3395
224,18,202,201,44,102,1,-7.9441,35.958,0.3323
224,20,174,192,39,102,1,-8.8351,37.02,0.32124
224,21,135,194,46,104,1,-9.1844,36.312,0.33659
224,23,225,205,38,83,1,-8.2531,38.256,0.29467
225,4,282,176,57,149,1,-6.4319,34.436,0.33567
225,5,336,180,59,147,1,-5.8078,34.387,0.33365
225,18,203,202,35,104,1,-7.929,35.795,0.318
225,20,175,197,37,105,1,-8.4757,36.138,0.31432
225,21,134,191,44,109,1,-9.1423,36.216,0.31601
225,23,229,204,35,87,1,-8.1068,37.942,0.27988
226,4,280,174,61,153,1,-6.4252,34.393,0.33309
226,5,330,180,61,152,1,-5.8644,34.153,0.3331
226,18,198,202,42,106,1,-7.9014,35.704,0.31985
226,20,171,195,39,107,1,-8.5445,36.261,0.31435
226,21,130,189,46,111,1,-9.2233,36.355,0.31819
226,23,233,204,31,87,1,-8.0849,38.08,0.27507
227,4,282,178,59,152,1,-6.4068,34.333,0.33693
227,5,332,182,57,150,1,-5.8776,34.274,0.33386
227,18,192,200,46,112,1,-7.8587,35.452,0.32765
227,20,164,195,40,107,1,-8.6772,36.389,0.31677
227,21,125,191,44,113,1,-9.1294,36.013,0.32726
227,23,229,202,31,93,1,-8.0122,37.572,0.28971
228,4,280,176,64,151,1,-6.4389,34.589,0.33384
228,5,328,185,61,142,1,-5.9252,34.657,0.32937
228,18,190,195,44,117,1,-7.8958,35.481,0.32675
228,20,166,197,40,105,1,-8.6299,36.407,0.31448
228,21,125,193,42,111,1,-9.1182,36.016,0.32468
228,23,226,204,36,89,1,-8.0976,37.894,0.284
229,4,278,173,66,147,1,-6.5114,35.017,0.31878
229,5,332,181,55,145,1,-5.9302,34.678,0.32031
229,18,190,192,44,117,1,-7.9513,35.685,0.31848
229,20,164,190,38,113,1,-8.5724,36.187,0.31398
229,21,121,188,46,113,1,-9.2414,36.257,0.31874
229,23,229,205,35,87,1,-8.0361,37.866,0.27485
230,4,282,173,64,149,1,-6.4717,34.913,0.31846
230,5,334,179,55,145,1,-5.9298,34.844,0.31463
230,18,188,192,42,119,1,-7.9235,35.511,0.32019
230,20,162,192,37,113,1,-8.507,35.969,0.31639
230,21,117,190,42,113,1,-9.1937,36.012,0.32215
230,23,229,201,35,91,1,-8.0194,37.816,0.27369
231,4,282,173,62,145,1,-6.5343,35.238,0.31676
231,5,332,177,55,143,1,-5.9813,35.163,0.31334
231,18,183,190,49,119,1,-8.0043,35.711,0.32052
231,20,160,188,37,113,1,-8.6978,36.395,0.3133
231,21,115,188,44,117,1,-9.0954,35.831,0.32779
231,23,226,201,38,89,1,-8.1251,38.113,0.27478
232,4,282,171,64,151,1,-6.5208,35.157,0.32249
232,5,336,181,53,145,1,-5.9585,34.961,0.32122
232,18,179,190,46,124,1,-7.9898,35.49,0.32918
232,20,153,194,46,109,1,-8.7292,36.417,0.31816
232,21,106,190,44,115,1,-9.3091,36.022,0.33079
232,23,226,196,40,98,1,-8.0248,37.816,0.28541
233,4,285,171,65,153,1,-6.4889,35.161,0.32335
233,5,340,179,47,147,1,-5.9674,35.098,0.31999
233,18,181,188,42,126,1,-8.02,35.616,0.32814
233,20,155,192,34,113,1,-8.7317,36.324,0.32108
233,21,106,181,42,126,1,-9.2536,35.947,0.33267
233,23,229,196,35,113,1,-7.5831,36.187,0.31366
234,4,285,177,61,149,1,-6.5248,35.148,0.32161
234,5,334,183,51,146,1,-6.0323,35.027,0.31975
234,18,177,188,44,126,1,-8.0944,35.727,0.32377
234,20,153,190,38,121,1,-8.5339,35.885,0.32445
234,21,100,179,48,130,1,-9.2392,35.872,0.33073
234,23,226,201,36,106,1,-7.7063,36.504,0.30538
235,4,285,175,61,149,1,-6.572,35.395,0.31127
235,5,338,190,49,139,1,-6.0285,35.146,0.3119
235,18,175,188,48,130,1,-8.0207,35.535,0.32008
235,20,140,190,53,121,1,-8.6479,35.983,0.31614
235,21,93,186,53,125,1,-9.2494,35.797,0.32466
235,23,229,198,33,109,1,-7.7265,36.635,0.29576
236,4,289,173,55,153,1,-6.5639,35.323,0.3146
236,5,338,186,51,145,1,-6.0365,35.089,0.31477
236,18,173,192,46,124,1,-8.1211,35.726,0.31978
236,20,140,188,47,123,1,-8.6902,36.017,0.31883
236,21,89,179,57,132,1,-9.2745,35.835,0.32738
236,23,224,198,40,105,1,-7.873,37.095,0.29056
237,4,289,175,57,149,1,-6.5948,35.642,0.31194
237,5,334,183,53,148,1,-6.0864,35.259,0.31483
237,18,168,190,51,132,1,-8.0395,35.48,0.32745
237,20,136,188,46,128,1,-8.6269,35.801,0.32642
237,21,80,181,59,137,1,-9.1413,35.467,0.33717
237,23,224,201,40,104,1,-7.8676,37.119,0.29491
238,4,285,173,59,151,1,-6.6466,35.751,0.31853
238,5,334,183,53,148,1,-6.1022,35.368,0.32025
238,18,168,188,47,136,1,-8.0349,35.458,0.3369
238,20,130,183,50,133,1,-8.7031,35.909,0.33512
238,21,76,181,61,135,1,-9.2925,35.724,0.34401
238,23,222,198,40,109,1,-7.8608,37.025,0.30711
239,4,285,173,63,147,1,-6.6583,36.001,0.31474
239,5,334,181,53,145,1,-6.1248,35.657,0.31627
239,18,160,183,57,143,1,-7.993,35.307,0.33914
239,20,128,183,50,133,1,-8.6812,35.863,0.33513
239,21,65,177,68,137,1,-9.4133,35.81,0.34255
239,23,220,196,44,113,1,-7.7726,36.738,0.31119
240,4,278,173,70,149,1,-6.6961,35.903,0.30454
240,5,332,183,61,141,1,-6.1255,35.842,0.30027
240,18,158,181,54,145,1,-8.037,35.361,0.32888
240,20,123,183,51,133,1,-8.7363,35.904,0.32436
240,21,57,179,72,139,1,-9.31,35.565,0.337
240,23,218,192,40,115,1,-7.8845,36.957,0.29414
241,4,280,173,66,156,1,-6.6627,35.567,0.302
241,5,332,183,55,146,1,-6.1705,35.632,0.29516
241,18,153,181,64,148,1,-7.9941,35.296,0.32269
241,20,115,179,59,141,1,-8.6746,35.721,0.32057
241,21,46,175,74,147,1,-9.2901,35.381,0.33496
241,23,216,194,48,113,1,-7.8844,37.077,0.28135
242,4,278,177,63,149,1,-6.7368,35.835,0.29424
242,5,332,186,53,145,1,-6.1908,35.605,0.29303
242,18,151,181,57,148,1,-8.0626,35.375,0.32101
242,20,106,177,59,143,1,-8.7874,35.785,0.32015
242,21,35,171,81,158,1,-9.1251,35.061,0.34121
242,23,214,192,48,115,1,-7.9216,37.161,0.27743
243,4,285,177,61,152,1,-6.6785,35.821,0.2881
243,5,332,186,57,147,1,-6.188,35.65,0.28792
243,18,151,177,55,158,1,-7.9906,35.204,0.31336
243,20,110,179,53,150,1,-8.5572,35.399,0.31362
243,21,33,173,76,158,1,-9.163,35.083,0.326
243,23,211,192,42,119,1,-7.9473,36.964,0.27243
244,4,287,183,54,152,1,-6.7002,35.805,0.29208
244,5,332,194,57,143,1,-6.207,35.746,0.28921
244,18,145,179,57,165,1,-7.9689,35.07,0.31904
244,20,102,179,57,158,1,-8.5443,35.293,0.319
244,21,26,175,75,160,1,-9.2817,35.184,0.32763
244,23,211,198,44,120,1,-7.8872,36.834,0.27941
245,4,285,183,54,150,1,-6.7512,35.977,0.29923
245,5,332,188,55,147,1,-6.2389,35.915,0.29618
245,18,136,179,61,169,1,-7.9696,34.951,0.32977
245,20,100,179,50,156,1,-8.6632,35.449,0.32568
245,21,24,173,68,162,1,-9.3451,35.239,0.33555
245,23,209,196,44,118,1,-8.0242,37.229,0.28499
246,4,282,175,64,154,1,-6.7511,36.149,0.29648
246,5,328,183,59,148,1,-6.2752,36.089,0.29406
246,18,128,171,69,173,1,-8.0334,35.072,0.32902
246,20,91,164,59,171,1,-8.6297,35.365,0.32749
246,21,11,162,74,173,1,-9.3364,35.138,0.33775
246,23,207,190,46,126,1,-7.9174,36.884,0.29011
247,4,287,177,57,147,1,-6.7776,36.417,0.27138
247,5,332,186,50,143,1,-6.3017,36.164,0.27414
247,18,121,168,68,178,1,-8.0448,34.978,0.31373
247,20,87,168,57,167,1,-8.6433,35.341,0.30921
247,21,7,162,70,179,1,-9.159,34.868,0.32379
247,23,203,190,46,126,1,-7.935,36.789,0.27036
248,4,287,175,54,147,1,-6.8145,36.521,0.2695
248,5,332,175,46,151,1,-6.3442,36.323,0.27064
248,18,117,171,63,175,1,-8.0936,35.001,0.31463
248,20,78,158,59,175,1,-8.7569,35.441,0.30928
248,21,3,162,63,179,1,-9.2112,34.894,0.32547
248,23,201,186,46,134,1,-7.8539,36.478,0.27828
249,4,280,168,61,158,1,-6.8438,36.388,0.2694
249,5,332,177,50,152,1,-6.3364,36.269,0.2683
249,18,104,173,72,181,1,-8.0549,34.814,0.31829
249,20,67,160,66,184,1,-8.584,35.072,0.3161
249,21,3,158,59,186,1,-9.1759,34.891,0.32533
249,23,196,179,51,135,1,-8.0484,37.033,0.26296
250,4,282,173,64,156,1,-6.7916,36.191,0.2612
250,5,328,179,52,150,1,-6.3845,36.237,0.25574
250,18,95,158,81,199,1,-8.0319,34.74,0.31375
250,20,57,158,74,183,1,-8.6819,35.189,0.30811
250,21,1,158,46,183,1,-9.3042,35.002,0.31962
250,23,194,183,53,137,1,-7.9008,36.553,0.26265
251,4,285,173,61,158,1,-6.7827,36.19,0.26557
251,5,330,186,48,143,1,-6.4027,36.342,0.25604
251,18,93,162,81,199,1,-8.0074,34.714,0.32306
251,20,35,153,87,195,1,-8.6761,34.992,0.32497
251,23,194,179,49,139,1,-7.9879,36.786,0.26644
252,4,282,179,59,150,1,-6.8724,36.483,0.26347
252,5,328,183,50,150,1,-6.4311,36.32,0.26237
252,18,84,158,83,205,1,-8.0785,34.771,0.3223
252,20,29,153,89,197,1,-8.7201,35.043,0.32298
252,23,190,181,55,143,1,-7.9294,36.588,0.27346
253,4,280,175,64,156,1,-6.87,36.438,0.26807
253,5,323,183,57,148,1,-6.4705,36.489,0.261
253,18,72,153,87,210,1,-8.1668,34.831,0.32763
253,20,16,149,93,210,1,-8.6331,34.822,0.33459
253,23,183,175,62,154,1,-7.8845,36.362,0.28464
254,4,280,175,59,151,1,-6.9531,36.905,0.27006
254,5,325,181,51,150,1,-6.4933,36.665,0.2687
254,18,67,149,74,216,1,-8.2556,34.893,0.33701
254,20,5,143,91,224,1,-8.611,34.722,0.34641
254,23,181,179,59,152,1,-7.9201,36.428,0.29591
255,4,280,171,64,155,1,-6.94,36.947,0.27176
255,5,323,183,53,148,1,-6.5213,36.709,0.27155
255,18,63,149,76,223,1,-8.1791,34.772,0.33789
255,20,1,136,93,233,1,-8.6006,34.73,0.34451
255,23,183,175,55,156,1,-7.9253,36.47,0.29586
256,4,278,173,61,156,1,-6.9777,36.909,0.2737
256,5,321,181,53,150,1,-6.5615,36.846,0.2692
256,18,48,145,89,233,1,-8.1846,34.735,0.3407
256,20,1,132,80,240,1,-8.6293,34.765,0.34636
256,23,177,171,57,166,1,-7.9051,36.303,0.30082
257,4,280,175,51,151,1,-7.0591,37.196,0.2675
257,5,317,179,59,152,1,-6.5951,36.959,0.26711
257,18,41,147,90,240,1,-8.1315,34.628,0.33935
257,20,1,121,61,248,1,-8.7705,34.907,0.34096
257,23,171,173,65,162,1,-7.9826,36.495,0.29497
258,4,274,177,65,152,1,-7.0619,37.23,0.26118
258,5,321,183,57,152,1,-6.58,36.944,0.26186
258,18,31,140,102,253,1,-8.1301,34.637,0.33667
258,23,171,171,63,177,1,-7.8423,36.104,0.29801
259,4,280,179,59,154,1,-7.0166,37.101,0.26404
259,5,323,188,57,147,1,-6.5769,37.042,0.25949
259,18,22,138,94,262,1,-8.1496,34.59,0.33883
259,23,164,164,66,182,1,-7.9415,36.277,0.29606
260,4,278,186,61,149,1,-7.0433,37.232,0.26746
260,5,319,190,61,149,1,-6.605,37.063,0.26548
260,18,13,138,96,272,1,-8.1267,34.549,0.3424
260,23,162,173,61,177,1,-7.9725,36.305,0.30068
261,4,274,181,63,158,1,-7.0669,37.163,0.27003
261,5,319,196,59,143,1,-6.6328,37.221,0.26281
261,18,5,132,100,291,1,-8.0511,34.456,0.34521
261,23,155,168,70,189,1,-7.9205,36.161,0.30451
262,4,274,179,61,158,1,-7.0951,37.306,0.26588
262,5,319,192,59,145,1,-6.6461,37.361,0.258
262,18,1,128,95,310,1,-7.9645,34.35,0.34793
262,23,155,162,70,199,1,-7.8705,36.088,0.30582
263,4,274,177,59,152,1,-7.1833,37.838,0.25183
263,5,319,186,53,149,1,-6.6977,37.535,0.25263
263,18,3,117,89,334,1,-7.8822,34.297,0.34504
263,23,153,158,68,207,1,-7.8535,36.026,0.30365
264,4,274,173,57,158,1,-7.1679,37.62,0.25061
264,5,321,183,46,152,1,-6.7208,37.455,0.24886
264,18,1,106,69,360,1,-7.8327,34.216,0.34379
264,23,143,155,78,214,1,-7.8287,35.906,0.30179
265,4,276,173,53,156,1,-7.186,37.721,0.24605
265,5,321,181,51,154,1,-6.7078,37.458,0.24678
265,23,143,153,76,223,1,-7.7604,35.768,0.30114
266,4,272,173,57,156,1,-7.2384,37.896,0.24382
266,5,317,183,50,152,1,-6.776,37.619,0.24447
266,23,128,155,87,236,1,-7.7218,35.551,0.30976
267,4,274,173,57,153,1,-7.2152,37.871,0.24158
267,5,319,175,48,158,1,-6.7716,37.555,0.2434
267,23,134,147,83,229,1,-7.8004,35.86,0.30103
268,4,267,175,62,154,1,-7.2807,37.947,0.24414
268,5,313,183,56,148,1,-6.8279,37.901,0.2399
268,23,130,147,87,238,1,-7.7772,35.812,0.30102
269,4,267,173,62,156,1,-7.2957,37.998,0.24922
269,5,317,179,50,154,1,-6.8297,37.845,0.24608
269,23,123,138,94,251,1,-7.7785,35.806,0.30835
270,4,267,171,57,158,1,-7.3448,38.131,0.25052
270,5,315,183,54,150,1,-6.8491,37.982,0.24726
270,23,119,132,91,265,1,-7.7685,35.754,0.30936
271,4,263,168,61,154,1,-7.4375,38.519,0.25156
271,5,313,177,59,152,1,-6.8749,38.185,0.25125
271,23,115,130,100,265,1,-7.7887,35.849,0.31178
272,4,265,166,61,158,1,-7.4225,38.524,0.25454
272,5,315,181,50,145,1,-6.935,38.481,0.2511
272,23,108,121,104,285,1,-7.7604,35.752,0.30908
273,4,261,171,59,153,1,-7.4896,38.603,0.26479
273,5,313,173,56,151,1,-6.9468,38.688,0.2576
273,23,100,115,106,293,1,-7.8005,35.81,0.31603
274,4,267,166,53,158,1,-7.4786,38.71,0.27103
274,5,310,173,62,153,1,-6.9587,38.67,0.2664
274,23,95,108,107,309,1,-7.7839,35.762,0.3207
275,4,261,168,61,158,1,-7.5108,38.72,0.27541
275,5,310,179,55,150,1,-7.0099,38.626,0.27226
275,23,74,100,125,330,1,-7.7869,35.677,0.32162
276,4,263,166,59,158,1,-7.5438,38.94,0.27482
276,5,313,177,54,149,1,-7.0192,38.907,0.27207
276,23,63,100,124,343,1,-7.787,35.607,0.32085
277,4,263,171,59,155,1,-7.5472,38.966,0.27535
277,5,310,183,59,146,1,-7.031,38.872,0.27147
277,23,41,87,139,360,1,-7.8482,35.655,0.32557
278,4,259,171,67,160,1,-7.5388,38.941,0.28923
278,5,313,181,59,148,1,-7.0217,39.14,0.28004
278,23,22,87,165,386,1,-7.7739,35.538,0.33332
279,4,261,168,63,158,1,-7.637,39.379,0.29922
279,5,315,179,59,150,1,-7.0436,39.282,0.29368
279,23,13,69,156,410,1,-7.8255,35.565,0.3383
280,4,265,168,61,154,1,-7.6857,39.777,0.30012
280,5,315,175,59,151,1,-7.0891,39.583,0.29629
280,23,7,46,156,434,1,-7.8709,35.643,0.33256
281,4,263,166,57,158,1,-7.7222,39.678,0.31969
281,5,315,175,54,147,1,-7.1555,39.919,0.31465
281,23,5,33,136,446,1,-7.9372,35.721,0.33853
282,4,261,166,61,158,1,-7.7693,39.898,0.3193
282,5,313,173,56,151,1,-7.1919,39.998,0.31493
282,23,3,13,136,464,1,-7.9853,35.843,0.33864
283,4,263,168,61,156,1,-7.7958,40.069,0.32139
283,5,323,177,53,149,1,-7.1238,40.034,0.31663
283,24,164,211,29,64,1,-12.662,48.156,0.32333
283,25,183,214,25,61,1,-12.189,48.329,0.31916
284,4,261,175,59,156,1,-7.7987,39.749,0.32066
284,5,317,175,57,154,1,-7.2018,39.986,0.3169
284,24,163,218,26,57,0,-13.022,48.699,0.30939
284,25,186,216,22,61,1,-12.08,48.043,0.30758
285,4,263,175,63,156,1,-7.7997,39.877,0.31677
285,5,321,183,55,148,1,-7.2002,39.972,0.31351
285,24,164,214,27,63,1,-12.804,48.218,0.30405
285,25,186,218,22,61,1,-11.944,47.591,0.30271
286,4,265,177,61,152,1,-7.8802,40.231,0.31325
286,5,321,186,55,147,1,-7.2452,40.067,0.31356
286,24,166,216,27,63,1,-12.715,48.041,0.28796
286,25,186,216,24,65,1,-11.912,47.456,0.28967
287,4,267,181,57,152,1,-7.8933,40.084,0.31071
287,5,317,183,63,152,1,-7.2928,40.054,0.30838
287,24,173,220,22,59,1,-12.866,48.559,0.28249
287,25,192,220,18,61,1,-12.065,47.901,0.28295
288,4,267,173,64,160,1,-7.9151,40.043,0.30254
288,5,321,175,61,158,1,-7.344,40.139,0.2991
288,24,175,218,24,63,1,-12.33,47.154,0.27061
288,25,192,214,25,67,1,-11.883,47.298,0.26741
289,4,276,171,61,158,1,-7.963,40.375,0.29751
289,5,330,175,59,154,1,-7.3607,40.471,0.2938
289,24,181,218,25,61,1,-12.652,47.962,0.2614
289,25,196,214,25,65,1,-12.242,48.082,0.25845
290,4,278,171,66,158,1,-7.9878,40.428,0.29218
290,5,336,173,64,156,1,-7.3441,40.53,0.28917
290,24,186,218,22,63,1,-12.341,47.151,0.249
290,25,203,218,22,63,1,-11.906,47.273,0.24651
290,26,24,183,44,111,1,-13.742,42.928,0.28985
291,4,282,168,62,161,1,-8.0195,40.304,0.28185
291,5,334,173,70,156,1,-7.4117,40.414,0.27811
291,24,192,216,20,65,1,-11.929,46.174,0.23416
291,25,209,216,25,65,1,-11.475,46.313,0.23074
291,26,35,183,35,107,1,-13.815,43.067,0.27597
292,4,289,171,57,160,1,-7.9779,40.225,0.27388
292,5,340,177,66,154,1,-7.3947,40.337,0.27119
292,24,190,214,27,67,1,-11.814,45.944,0.21766
292,25,207,211,31,70,1,-11.389,46.087,0.215
292,26,32,183,47,111,1,-13.129,42.345,0.26203
293,4,285,177,69,149,1,-8.0643,40.658,0.2727
293,5,338,175,64,156,1,-7.4712,40.446,0.27294
293,24,192,211,25,70,1,-11.935,46.211,0.22591
293,25,207,214,27,67,1,-11.568,46.328,0.22337
293,26,29,186,46,104,1,-13.853,43.114,0.26617
294,4,291,175,61,151,1,-8.0976,40.726,0.27914
294,5,349,179,59,150,1,-7.4474,40.651,0.2772
294,24,192,211,25,72,1,-11.763,45.683,0.24434
294,25,209,209,27,74,1,-11.372,45.806,0.24147
294,26,31,181,42,111,1,-13.639,42.829,0.28095
295,4,289,173,65,156,1,-8.1222,40.682,0.27603
295,5,347,177,68,154,1,-7.4659,40.685,0.27481
295,24,192,214,25,69,1,-11.919,45.931,0.23001
295,25,209,211,31,72,1,-11.482,46.08,0.22771
295,26,29,181,48,113,1,-13.49,42.676,0.26566
295,27,242,218,20,55,0,-12.084,49.747,0.19186
296,4,300,168,63,163,1,-8.0629,40.608,0.26715
296,5,358,181,63,152,1,-7.4445,40.612,0.26707
296,24,196,214,27,69,1,-11.836,45.774,0.20804
296,25,214,211,29,72,1,-11.429,45.914,0.20641
296,26,39,183,40,113,1,-13.161,42.368,0.24727
296,27,246,216,22,56,0,-12.116,49.847,0.16126
297,4,304,166,65,160,1,-8.1424,40.94,0.25651
297,5,364,173,64,158,1,-7.466,40.76,0.25796
297,24,205,211,22,72,1,-11.757,45.668,0.20158
297,25,222,211,25,70,1,-11.572,46.295,0.19349
297,26,39,186,42,110,1,-13.195,42.329,0.24518
297,27,250,216,25,57,0,-11.87,49.126,0.15834
298,4,317,171,57,149,1,-8.1913,41.457,0.25696
298,5,371,177,58,152,1,-7.5038,40.978,0.26055
298,24,205,211,25,72,1,-11.816,45.686,0.21786
298,25,222,205,29,78,1,-11.42,45.828,0.21498
298,26,48,183,40,113,1,-13.104,42.371,0.26101
298,27,250,211,27,59,1,-12.441,50.479,0.16301
299,4,317,173,59,156,1,-8.1399,41.031,0.26995
299,5,371,177,59,154,1,-7.5483,41.031,0.26758
299,24,205,214,27,72,1,-11.697,45.406,0.2378
299,25,224,211,27,75,1,-11.316,45.544,0.23481
299,26,44,181,41,113,1,-13.593,42.837,0.27266
299,27,252,216,25,57,0,-12.232,49.814,0.19317
300,4,317,171,61,153,1,-8.2285,41.355,0.27154
300,5,381,173,49,156,1,-7.5537,41.182,0.27171
300,24,205,211,29,70,1,-12.11,46.239,0.23359
300,25,226,205,27,78,1,-11.48,45.926,0.23518
300,26,46,183,42,111,1,-13.37,42.637,0.27063
300,27,254,214,25,59,1,-12.032,49.225,0.205
301,4,319,168,63,161,1,-8.1857,41.102,0.27015
301,5,371,171,57,158,1,-7.6692,41.223,0.26792
301,24,205,209,27,77,1,-11.637,45.106,0.23595
301,25,229,205,26,78,1,-11.46,45.921,0.2273
301,26,46,177,42,119,1,-13.191,42.44,0.26612
301,27,257,214,24,59,1,-11.987,49.139,0.1955
302,4,317,168,68,158,1,-8.263,41.362,0.26638
302,5,381,179,57,154,1,-7.5974,41.088,0.2668
302,24,205,211,33,75,1,-11.631,45.172,0.23781
302,25,229,207,31,76,1,-11.462,45.977,0.22836
302,26,46,175,44,117,1,-13.663,42.996,0.26948
302,27,259,214,24,56,0,-12.445,50.429,0.18352
303,4,319,173,66,153,1,-8.3164,41.507,0.27015
303,5,386,177,50,156,1,-7.6393,41.24,0.27091
303,24,207,208,29,78,1,-11.732,45.322,0.24325
303,25,226,205,36,83,1,-11.146,45.117,0.24366
303,26,41,175,44,119,1,-13.553,42.757,0.27197
303,27,259,211,27,64,1,-11.836,48.706,0.21183
304,4,321,166,70,160,1,-8.3548,41.693,0.27192
304,5,386,177,57,154,1,-7.681,41.536,0.27074
304,24,214,211,22,75,1,-11.88,45.681,0.24734
304,25,229,209,33,77,1,-11.486,45.856,0.24406
304,26,39,177,44,119,1,-13.568,42.704,0.28301
304,27,265,211,23,59,1,-12.812,51.533,0.19428
305,4,330,168,67,161,1,-8.3354,41.634,0.26964
305,5,388,181,61,150,1,-7.7311,41.658,0.26714
305,24,216,211,27,79,1,-11.621,45.119,0.24775
305,25,231,205,37,85,1,-11.26,45.273,0.24488
305,26,50,177,44,126,1,-12.913,42.179,0.28147
305,27,267,216,25,57,0,-12.503,50.455,0.19865
306,4,336,171,65,158,1,-8.3786,41.661,0.27167
306,5,398,180,58,150,1,-7.7496,41.759,0.26798
306,24,222,209,29,79,1,-11.745,45.4,0.24928
306,25,242,203,33,87,1,-11.181,45.201,0.2488
306,26,48,171,50,136,1,-12.621,41.787,0.28882
306,27,274,211,30,62,1,-12.316,50.147,0.2048
307,4,343,173,63,156,1,-8.3893,41.767,0.26793
307,5,409,179,55,150,1,-7.7256,41.933,0.26305
307,24,222,211,31,81,1,-11.506,44.807,0.25059
307,25,246,205,33,85,1,-11.224,45.331,0.24373
307,26,57,175,44,128,1,-12.979,42.264,0.28435
307,27,282,209,23,66,1,-12.07,49.527,0.20349
307,28,160,214,27,67,1,-13.971,46.441,0.245
308,4,351,173,66,156,1,-8.3661,41.851,0.27123
308,5,409,177,62,152,1,-7.7685,42.011,0.26752
308,24,224,209,29,81,1,-11.705,45.088,0.25571
308,25,246,201,33,91,1,-11.141,44.94,0.25484
308,26,57,171,52,125,1,-13.593,42.95,0.28178
308,27,282,209,25,66,1,-12.114,49.381,0.21962
308,28,158,214,26,67,1,-14.014,46.252,0.25442
309,4,351,168,64,158,1,-8.4713,42.075,0.27858
309,5,411,175,64,156,1,-7.7973,41.939,0.27748
309,24,222,207,33,81,1,-11.902,45.365,0.26383
309,25,246,203,35,89,1,-11.159,44.89,0.26516
309,26,59,171,54,130,1,-13.071,42.443,0.29049
309,27,287,209,27,66,1,-11.981,49.214,0.23391
309,28,156,214,26,67,1,-14.035,46.106,0.26488
309,29,166,211,25,64,1,-14.884,47.786,0.25445
310,4,356,177,69,152,1,-8.4124,42.032,0.26845
310,5,422,181,59,150,1,-7.7575,42.08,0.26694
310,24,224,205,31,85,1,-11.812,45.202,0.24439
310,25,246,205,35,89,1,-11.113,44.749,0.24748
310,26,57,173,48,130,1,-13.063,42.357,0.27294
310,27,289,211,22,62,1,-12.394,50.233,0.19841
310,28,155,214,25,67,1,-14.208,46.294,0.23808
310,29,162,214,29,65,1,-14.35,46.876,0.23288
311,4,358,171,67,155,1,-8.4908,42.327,0.25951
311,5,427,183,56,152,1,-7.7666,41.955,0.26148
311,24,224,207,36,87,1,-11.547,44.727,0.24244
311,25,248,198,35,98,1,-11.038,44.605,0.24236
311,26,57,173,48,130,1,-13.16,42.475,0.27047
311,27,287,211,27,66,1,-11.974,48.972,0.19891
311,28,153,214,25,67,1,-14.383,46.441,0.232
311,29,162,216,27,59,1,-15.288,48.195,0.21596
312,4,362,173,63,156,1,-8.5,42.26,0.25957
312,5,424,179,66,154,1,-7.8082,42.189,0.25836
312,24,226,205,29,89,1,-11.687,44.885,0.2403
312,25,246,205,40,91,1,-11.135,44.771,0.23995
312,26,52,168,49,135,1,-13.345,42.576,0.26998
312,27,291,211,25,66,1,-12.057,49.272,0.19396
312,28,152,214,24,67,1,-14.605,46.652,0.22954
312,29,166,214,27,63,1,-15.002,47.899,0.2172
313,4,367,178,61,151,1,-8.5174,42.362,0.25298
313,5,435,175,57,160,1,-7.7964,42.18,0.25405
313,24,229,209,29,87,1,-11.565,44.701,0.2306
313,25,254,201,32,100,1,-10.854,44.225,0.23502
313,26,54,171,49,138,1,-12.893,42.175,0.26116
313,27,291,216,27,61,1,-12.119,49.355,0.17844
313,28,150,214,24,67,1,-14.736,46.712,0.21212
313,29,168,218,25,61,1,-14.692,47.426,0.20394
314,4,375,173,59,158,1,-8.4713,42.26,0.25044
314,5,437,173,55,156,1,-7.8544,42.535,0.24516
314,24,226,207,32,89,1,-11.577,44.606,0.23115
314,25,252,201,38,97,1,-11.005,44.53,0.23033
314,26,48,166,53,141,1,-13.092,42.303,0.26413
314,27,293,211,29,68,1,-11.77,48.442,0.1846
314,28,149,214,23,67,1,-14.677,46.529,0.21706
314,29,173,211,26,68,1,-14.471,47.278,0.20721
315,4,377,168,61,161,1,-8.4986,42.445,0.24901
315,5,431,173,70,156,1,-7.8831,42.606,0.24627
315,24,224,201,38,100,1,-11.24,43.974,0.23435
315,25,250,198,42,98,1,-11.117,44.757,0.22484
315,26,48,166,48,141,1,-13.062,42.264,0.25719
315,27,291,209,29,68,1,-11.993,48.849,0.17711
315,28,147,214,23,67,1,-14.574,46.324,0.21067
315,29,173,211,31,64,1,-14.99,48.178,0.18907
316,4,375,171,63,160,1,-8.5305,42.397,0.24179
316,5,444,179,48,150,1,-7.9032,42.683,0.23679
316,24,222,203,38,98,1,-11.288,44.009,0.22492
316,25,252,203,40,98,1,-10.855,44.2,0.22157
316,26,50,168,55,141,1,-12.856,42.214,0.25201
316,27,293,211,27,66,1,-11.974,48.839,0.16083
316,28,145,214,22,67,1,-14.599,46.297,0.1999
316,29,177,214,27,63,1,-14.547,47.615,0.18199
317,4,384,168,65,161,1,-8.4698,42.497,0.23767
317,5,446,173,55,158,1,-7.8825,42.534,0.23592
317,24,222,198,36,98,1,-11.508,44.398,0.21744
317,25,254,198,38,103,1,-10.779,44.049,0.2208
317,26,48,162,46,143,1,-13.116,42.387,0.24899
317,27,293,207,29,68,1,-11.973,48.858,0.15596
317,28,140,207,29,74,1,-14.348,45.932,0.20194
317,29,179,211,23,62,1,-14.918,48.194,0.17147
318,4,386,168,65,158,1,-8.5243,42.803,0.23397
318,5,446,177,57,156,1,-7.918,42.545,0.23639
318,24,226,201,32,100,1,-11.282,44.014,0.22241
318,25,250,198,36,105,1,-10.834,43.966,0.22225
318,26,39,160,59,147,1,-13.093,42.352,0.24861
318,27,291,207,28,74,1,-11.576,47.527,0.17465
318,28,136,209,29,74,1,-14.287,45.723,0.20447
318,29,177,214,27,61,1,-14.729,47.894,0.17544
319,4,388,171,63,160,1,-8.5434,42.783,0.22942
319,5,444,181,63,154,1,-7.9532,42.705,0.23016
319,24,220,201,33,102,1,-11.446,44.152,0.21111
319,25,248,198,42,111,1,-10.733,43.764,0.21638
319,26,37,160,53,154,1,-12.873,42.104,0.24275
319,27,293,211,23,70,1,-11.898,48.318,0.14922
319,28,134,211,29,75,1,-14.315,45.717,0.18984
319,29,179,220,23,57,0,-14.902,48.164,0.15372
320,4,388,177,63,160,1,-8.5584,42.658,0.21971
320,5,448,186,61,155,1,-7.9624,42.589,0.21889
320,24,218,205,35,104,1,-11.325,43.899,0.20711
320,25,248,201,40,108,1,-10.9,44.089,0.20228
320,26,31,164,52,154,1,-12.911,42.076,0.24499
320,27,293,216,29,67,1,-11.936,48.586,0.12583
320,28,123,214,36,74,1,-14.607,45.868,0.18334
320,29,181,222,25,59,1,-14.666,47.952,0.14647
321,4,386,177,69,154,1,-8.642,43.141,0.21283
321,5,457,188,52,156,1,-7.9608,42.569,0.21996
321,24,216,207,37,105,1,-11.268,43.765,0.21264
321,25,244,196,46,120,1,-10.699,43.605,0.21312
321,26,33,168,55,152,1,-12.828,42.1,0.24768
321,27,297,214,23,74,1,-11.583,47.633,0.14715
321,28,123,214,33,74,1,-14.774,46.05,0.18734
321,29,183,220,25,61,1,-14.786,48.235,0.14966
322,4,386,173,65,158,1,-8.6975,43.139,0.21799
322,5,459,186,57,155,1,-7.9622,42.75,0.22208
322,24,214,207,41,104,1,-11.302,43.826,0.21479
322,25,248,196,40,115,1,-10.879,44.014,0.21041
322,26,37,162,51,154,1,-13.038,42.368,0.24408
322,27,295,211,31,75,1,-11.65,47.882,0.14936
322,28,117,214,35,74,1,-14.741,45.866,0.19199
322,29,186,220,22,59,1,-14.94,48.54,0.14877
323,4,390,173,68,160,1,-8.659,43.124,0.21399
323,5,454,179,62,158,1,-8.0212,43.042,0.21411
323,24,211,201,42,117,1,-11.075,43.369,0.21464
323,25,242,196,46,120,1,-10.764,43.688,0.20858
323,26,29,168,56,152,1,-12.913,42.222,0.23789
323,27,293,214,31,72,1,-11.736,48.001,0.13689
323,28,112,218,36,70,1,-14.922,45.995,0.1775
323,29,181,220,31,61,1,-14.696,48.184,0.13969
324,4,390,180,63,155,1,-8.7042,43.08,0.20785
324,5,454,183,60,156,1,-8.0659,43.008,0.20787
324,24,205,205,42,109,1,-11.344,43.72,0.20134
324,25,239,198,49,120,1,-10.74,43.603,0.20228
324,26,22,160,61,162,1,-12.868,42.168,0.23333
324,27,289,211,35,77,1,-11.637,47.606,0.12968
324,28,104,214,35,78,1,-14.541,45.345,0.17767
324,29,183,224,27,57,0,-14.706,48.24,0.12417
325,4,396,177,66,158,1,-8.6597,43.167,0.19889
325,5,454,183,62,154,1,-8.0892,43.191,0.19699
325,24,198,192,49,124,1,-11.303,43.584,0.19698
325,25,242,196,39,124,1,-10.708,43.494,0.19734
325,26,22,160,51,164,1,-12.787,42.079,0.23083
325,27,293,209,29,81,1,-11.466,47.204,0.12473
325,28,95,211,36,81,1,-14.613,45.241,0.17184
325,29,188,222,24,59,1,-14.55,48.194,0.11243
325,30,263,209,29,79,1,-12.174,47.359,0.12335
326,4,394,181,59,154,1,-8.7398,43.131,0.19211
326,5,459,183,63,154,1,-8.0725,43.183,0.18952
326,24,201,196,42,122,1,-11.191,43.394,0.19175
326,25,235,196,51,124,1,-10.696,43.447,0.18953
326,26,16,155,63,163,1,-13.081,42.389,0.21777
326,27,293,209,31,79,1,-11.493,47.313,0.10712
326,28,102,209,24,81,1,-14.669,45.373,0.1563
326,29,190,222,20,53,0,-15.329,49.448,0.06906
326,30,267,214,25,72,1,-12.185,47.482,0.10496
327,4,399,179,65,156,1,-8.6895,43.174,0.18199
327,5,457,181,59,158,1,-8.1475,43.102,0.18206
327,24,194,196,55,122,1,-11.171,43.374,0.18473
327,25,235,192,44,130,1,-10.661,43.293,0.1851
327,26,16,153,50,171,1,-12.736,42.051,0.22036
327,27,291,211,31,75,1,-11.602,47.492,0.089647
327,30,265,207,25,79,1,-12.131,47.266,0.096536
328,4,394,181,74,156,1,-8.7201,43.195,0.17969
328,5,461,186,61,155,1,-8.133,43.142,0.17792
328,24,188,194,46,128,1,-11.182,43.186,0.19274
328,25,229,186,50,138,1,-10.678,43.274,0.18796
328,26,13,155,51,169,1,-12.792,42.129,0.22679
328,27,287,209,35,79,1,-11.563,47.294,0.09495
328,30,263,211,29,75,1,-12.196,47.448,0.094512
329,4,401,179,59,152,1,-8.7928,43.598,0.17354
329,5,465,183,64,156,1,-8.1117,43.346,0.1742
329,24,190,194,46,130,1,-11.096,43.11,0.20352
329,25,235,188,53,138,1,-10.562,43.233,0.19634
329,26,7,147,63,177,1,-12.742,42.139,0.2399
329,27,293,209,36,79,1,-11.447,47.331,0.10482
329,30,265,214,25,72,1,-12.175,47.405,0.10881
330,4,403,173,63,158,1,-8.7863,43.731,0.18593
330,5,470,188,56,149,1,-8.1303,43.557,0.18586
330,24,181,190,51,134,1,-11.24,43.248,0.20924
330,25,229,186,48,143,1,-10.631,43.19,0.20706
330,26,7,151,55,178,1,-12.667,42.087,0.24064
330,27,289,207,35,83,1,-11.486,47.218,0.13006
330,30,259,211,31,75,1,-12.345,47.69,0.12521
331,4,399,177,63,154,1,-8.847,43.727,0.18961
331,5,463,183,61,150,1,-8.1999,43.77,0.18783
331,24,173,188,54,141,1,-11.142,42.995,0.2072
331,25,226,188,49,143,1,-10.609,43.114,0.20411
331,26,3,145,50,179,1,-12.991,42.333,0.22279
331,27,285,207,33,81,1,-11.654,47.419,0.12148
331,30,259,207,27,76,1,-12.58,48.153,0.10847
332,4,399,171,74,162,1,-8.7926,43.642,0.17139
332,5,470,177,56,154,1,-8.1717,43.887,0.16469
332,24,179,183,46,143,1,-11.22,43.225,0.18501
332,25,220,177,48,158,1,-10.578,42.96,0.1901
332,26,1,149,48,182,1,-12.702,42.138,0.21261
332,27,289,209,29,79,1,-11.568,47.374,0.089475
332,30,257,216,29,72,1,-12.128,47.162,0.095281
333,4,401,173,67,156,1,-8.8362,43.846,0.16356
333,5,472,179,57,152,1,-8.1667,43.884,0.15996
333,24,173,179,50,145,1,-11.277,43.299,0.18653
333,25,214,181,52,152,1,-10.634,43.036,0.19021
333,27,280,205,34,81,1,-11.691,47.441,0.089154
333,30,257,207,26,81,1,-12.021,46.936,0.10256
334,4,403,173,65,156,1,-8.8621,43.977,0.16504
334,5,467,181,62,156,1,-8.2338,43.696,0.16796
334,24,160,179,55,150,1,-11.263,43.106,0.19983
334,25,207,177,61,164,1,-10.527,42.796,0.2028
334,27,280,203,34,80,1,-11.959,48.173,0.084324
334,30,252,205,31,83,1,-12.122,47.078,0.11114
335,4,399,175,65,160,1,-8.9063,43.759,0.17294
335,5,465,177,66,160,1,-8.2637,43.8,0.16817
335,24,153,177,62,162,1,-11.075,42.792,0.20789
335,25,205,173,55,173,1,-10.52,42.711,0.20645
335,27,274,205,42,83,1,-11.733,47.481,0.10492
335,30,252,207,29,83,1,-12.084,46.976,0.11852
336,4,401,175,65,154,1,-8.9448,44.186,0.17307
336,5,467,190,64,147,1,-8.2823,43.888,0.17556
336,24,145,175,67,164,1,-11.18,42.899,0.21221
336,25,194,175,68,171,1,-10.604,42.814,0.21075
336,27,278,205,38,85,1,-11.649,47.38,0.12208
336,30,246,201,35,89,1,-12.218,47.175,0.1295
337,4,399,179,69,150,1,-8.9926,44.388,0.17723
337,5,461,175,65,164,1,-8.375,43.966,0.18244
337,24,140,175,70,173,1,-11.065,42.711,0.22095
337,25,194,167,66,185,1,-10.57,42.757,0.21752
337,27,282,203,34,93,1,-11.416,46.849,0.14089
337,30,246,203,33,87,1,-12.386,47.521,0.13252
338,4,399,173,65,160,1,-9.0227,44.254,0.1738
338,5,465,188,64,153,1,-8.3743,43.973,0.17474
338,24,128,173,76,177,1,-11.12,42.706,0.22298
338,25,186,162,65,190,1,-10.667,42.824,0.21695
338,27,280,205,34,87,1,-11.692,47.528,0.12476
338,30,246,207,31,87,1,-12.155,47.01,0.13937
339,4,401,173,67,153,1,-9.0682,44.923,0.16463
339,5,472,181,54,160,1,-8.3809,44.182,0.17348
339,24,123,171,70,183,1,-11.174,42.71,0.23151
339,25,177,162,76,197,1,-10.642,42.753,0.22543
339,27,276,205,33,89,1,-11.809,47.646,0.13426
339,30,242,209,35,83,1,-12.509,47.752,0.13885
340,4,407,175,59,160,1,-9.0302,44.464,0.1808
340,5,472,183,54,156,1,-8.4017,44.376,0.17723
340,24,108,168,87,191,1,-11.141,42.622,0.23423
340,25,166,160,74,209,1,-10.595,42.521,0.23159
340,27,274,205,37,91,1,-11.71,47.421,0.14608
340,30,237,214,40,82,1,-12.283,47.196,0.15525
341,4,407,177,61,154,1,-9.0522,44.65,0.17613
341,5,470,177,63,158,1,-8.4017,44.548,0.17165
341,24,110,155,79,204,1,-11.148,42.681,0.23776
341,25,162,153,74,223,1,-10.524,42.409,0.23707
341,27,274,203,35,89,1,-11.843,47.795,0.13959
341,30,233,207,35,89,1,-12.27,46.981,0.16063
342,4,401,175,63,162,1,-9.119,44.427,0.17715
342,5,470,179,61,160,1,-8.459,44.454,0.17167
342,24,104,155,70,212,1,-11.111,42.524,0.23036
342,25,162,155,72,227,1,-10.497,42.363,0.229
342,27,274,198,35,103,1,-11.447,46.714,0.14857
342,30,235,203,35,93,1,-12.298,47.12,0.14678
343,4,401,175,65,156,1,-9.1575,44.739,0.17554
343,5,472,181,63,156,1,-8.4609,44.559,0.17292
343,24,91,147,81,227,1,-11.035,42.387,0.2375
343,25,149,140,87,255,1,-10.393,42.158,0.2363
343,27,269,196,45,98,1,-11.708,47.434,0.14571
343,30,231,198,39,96,1,-12.352,47.192,0.15603
344,4,405,171,66,158,1,-9.1488,44.817,0.17916
344,5,470,177,61,158,1,-8.5287,44.637,0.17757
344,24,82,149,79,227,1,-11.05,42.34,0.23921
344,25,143,130,87,261,1,-10.474,42.25,0.23634
344,27,272,188,42,104,1,-11.674,47.401,0.15191
344,30,229,194,44,100,1,-12.2,46.895,0.16527
345,4,403,177,61,156,1,-9.2236,44.826,0.17727
345,5,476,181,61,156,1,-8.5049,44.765,0.17241
345,24,65,147,85,242,1,-11.02,42.219,0.24136
345,25,138,121,92,283,1,-10.424,42.182,0.23708
345,27,269,194,42,102,1,-11.697,47.333,0.1507
345,30,231,196,37,102,1,-12.194,46.857,0.16382
346,4,409,175,57,156,1,-9.2285,45.191,0.16971
346,5,476,183,59,156,1,-8.5416,44.882,0.16795
346,24,52,145,92,257,1,-10.969,42.138,0.24744
346,25,128,123,93,285,1,-10.496,42.244,0.24015
346,27,267,196,40,107,1,-11.579,46.928,0.16272
346,30,231,201,35,100,1,-12.228,46.946,0.16962
347,4,407,175,61,158,1,-9.2354,45.181,0.17573
347,5,480,177,51,162,1,-8.5554,44.983,0.17172
347,24,37,138,98,270,1,-10.987,42.128,0.25118
347,25,112,117,105,302,1,-10.475,42.171,0.24464
347,27,267,198,40,103,1,-11.68,47.289,0.16461
347,30,226,201,34,100,1,-12.325,47.048,0.17626
348,4,401,173,65,158,1,-9.3068,45.677,0.19366
348,5,474,183,59,156,1,-8.563,45.325,0.18978
348,24,24,123,100,296,1,-10.989,42.119,0.25319
348,25,91,110,113,343,1,-10.346,41.912,0.2487
348,27,257,196,44,105,1,-12.021,47.95,0.19635
348,30,222,203,38,102,1,-12.381,47.215,0.20878
349,4,399,171,61,162,1,-9.3263,45.703,0.21503
349,5,470,179,56,154,1,-8.5721,45.821,0.2032
349,24,1,112,112,313,1,-11.04,42.139,0.27436
349,25,69,91,111,377,1,-10.371,41.855,0.26771
349,27,250,194,42,113,1,-11.881,47.455,0.23387
349,30,218,201,33,106,1,-12.422,47.263,0.2434
350,4,392,173,61,164,1,-9.3604,45.423,0.21282
350,5,465,179,57,156,1,-8.6183,45.667,0.20294
350,24,0,106,66,328,1,-11.043,42.067,0.26462
350,25,41,87,137,392,1,-10.368,41.826,0.26051
350,27,244,190,44,115,1,-11.894,47.482,0.21618
350,30,207,196,36,109,1,-12.491,47.258,0.22442
351,4,390,179,65,156,1,-9.3814,45.676,0.20479
351,5,465,186,57,151,1,-8.6351,45.668,0.19375
351,25,13,80,137,399,1,-10.511,41.884,0.26582
351,27,239,190,51,119,1,-11.803,47.284,0.22216
351,30,205,196,38,109,1,-12.595,47.536,0.23103
352,4,386,173,65,164,1,-9.4455,45.753,0.22643
352,5,461,183,59,156,1,-8.6876,45.768,0.21817
352,25,3,41,134,436,1,-10.604,41.979,0.26846
352,27,237,188,46,121,1,-11.931,47.473,0.23963
352,30,203,194,40,115,1,-12.453,47.269,0.24685
353,4,386,168,65,173,1,-9.4567,45.586,0.21228
353,5,461,183,68,158,1,-8.6824,45.714,0.20227
353,25,3,18,113,462,1,-10.653,42.04,0.26679
353,27,233,188,50,128,1,-11.684,46.814,0.22245
353,30,196,198,44,109,1,-12.633,47.51,0.22476
354,4,384,173,67,160,1,-9.5043,45.99,0.19154
354,5,459,181,65,160,1,-8.7469,45.664,0.18643
354,27,231,186,48,125,1,-11.833,47.139,0.2051
354,30,198,194,45,117,1,-12.288,46.971,0.21351
