2,-1,155,265,26,59,2.0863,-1,-1,-1
3,-1,247,197,28.326,64.279,16.815,-1,-1,-1
3,-1,10,148,86.667,196.67,12.251,-1,-1,-1
3,-1,156,262,28.326,64.279,3.8612,-1,-1,-1
4,-1,251,201,26,59,28.59,-1,-1,-1
5,-1,263,205,26,59,27.061,-1,-1,-1
5,-1,152,247,40,90.769,15.087,-1,-1,-1
5,-1,215,205,26,59,11.638,-1,-1,-1
6,-1,271,201,26,59,21.973,-1,-1,-1
6,-1,146,173,74.286,168.57,19.661,-1,-1,-1
7,-1,150,193,62.22,141.19,26.638,-1,-1,-1
7,-1,275,201,26,59,24.94,-1,-1,-1
8,-1,157,173,74.286,168.57,30.752,-1,-1,-1
8,-1,283,205,26,59,23.709,-1,-1,-1
9,-1,157,173,74.286,168.57,31.546,-1,-1,-1
9,-1,291,205,26,59,15.882,-1,-1,-1
10,-1,157,174,80,181.54,33.212,-1,-1,-1
10,-1,299,201,28.326,64.279,22.889,-1,-1,-1
10,-1,141,195,30.847,69.999,19.88,-1,-1,-1
10,-1,40,147,94.545,214.55,10.574,-1,-1,-1
11,-1,50,148,86.667,196.67,26.592,-1,-1,-1
11,-1,169,174,80,181.54,25.745,-1,-1,-1
11,-1,307,205,26,59,20.576,-1,-1,-1
12,-1,180,184,74.286,168.57,29.87,-1,-1,-1
12,-1,317,201,28.326,64.279,21.85,-1,-1,-1
13,-1,182,174,80,181.54,23.711,-1,-1,-1
13,-1,321,201,28.326,64.279,17.301,-1,-1,-1
14,-1,194,174,80,181.54,37.587,-1,-1,-1
14,-1,76,130,104,236,19.985,-1,-1,-1
14,-1,335,200,30.847,69.999,14.565,-1,-1,-1
15,-1,210,162,86.667,196.67,26.307,-1,-1,-1
15,-1,345,200,30.847,69.999,24.793,-1,-1,-1
15,-1,126,156,43.854,99.515,8.393,-1,-1,-1
16,-1,210,162,86.667,196.67,29.604,-1,-1,-1
16,-1,352,201,28.326,64.279,16.293,-1,-1,-1
17,-1,210,162,86.667,196.67,29.979,-1,-1,-1
17,-1,352,197,28.326,64.279,9.601,-1,-1,-1
18,-1,210,162,86.667,196.67,19.835,-1,-1,-1
19,-1,215,162,94.545,214.55,18.986,-1,-1,-1
20,-1,218,186,80,181.54,25.145,-1,-1,-1
20,-1,123,141,47.893,108.68,6.7852,-1,-1,-1
21,-1,210,175,86.667,196.67,20.438,-1,-1,-1
22,-1,215,162,94.545,214.55,11.206,-1,-1,-1
23,-1,215,162,94.545,214.55,9.169,-1,-1,-1
23,-1,112,132,56.877,129.07,2.7205,-1,-1,-1
24,-1,112,132,56.877,129.07,1.0406,-1,-1,-1
26,-1,220,162,104,236,7.6943,-1,-1,-1
32,-1,407,209,26,59,30.97,-1,-1,-1
33,-1,412,181,36.769,83.436,32.891,-1,-1,-1
33,-1,247,137,125.53,284.85,5.2624,-1,-1,-1
34,-1,427,205,26,59,14.769,-1,-1,-1
34,-1,365,186,33.548,76.129,12.342,-1,-1,-1
34,-1,247,156,125.53,284.85,12.111,-1,-1,-1
35,-1,435,195,30.847,69.999,17.623,-1,-1,-1
36,-1,447,205,26,59,19.711,-1,-1,-1
36,-1,439,209,26,59,3.1067,-1,-1,-1
37,-1,452,206,28.326,64.279,15.767,-1,-1,-1
38,-1,453,192,33.548,76.129,15.157,-1,-1,-1
38,-1,395,197,28.326,64.279,12.528,-1,-1,-1
39,-1,459,205,26,59,28.015,-1,-1,-1
40,-1,463,209,26,59,22.415,-1,-1,-1
66,-1,291,165,26,59,2.6301,-1,-1,-1
67,-1,247,113,26,59,9.5095,-1,-1,-1
69,-1,288,181,33.548,76.129,11.095,-1,-1,-1
70,-1,287,201,26,59,10.173,-1,-1,-1
71,-1,288,181,33.548,76.129,20.419,-1,-1,-1
71,-1,501,195,30.847,69.999,3.2016,-1,-1,-1
73,-1,307,209,26,59,14.406,-1,-1,-1
74,-1,287,181,36.769,83.436,7.676,-1,-1,-1
79,-1,294,193,62.22,141.19,14.272,-1,-1,-1
88,-1,503,205,26,59,9.0574,-1,-1,-1
93,-1,288,181,33.548,76.129,8.2912,-1,-1,-1
94,-1,282,193,28.326,64.279,8.6696,-1,-1,-1
94,-1,509,192,40,90.769,7.7507,-1,-1,-1
95,-1,282,193,28.326,64.279,5.4896,-1,-1,-1
97,-1,259,193,26,59,10.966,-1,-1,-1
104,-1,288,181,33.548,76.129,4.2994,-1,-1,-1
105,-1,557,126,47.893,108.68,7.1702,-1,-1,-1
106,-1,557,126,47.893,108.68,5.1664,-1,-1,-1
117,-1,551,161,26,59,23.83,-1,-1,-1
120,-1,497,187,36.769,83.436,3.4742,-1,-1,-1
121,-1,497,187,36.769,83.436,9.2629,-1,-1,-1
121,-1,291,149,28.326,64.279,8.8168,-1,-1,-1
122,-1,497,187,36.769,83.436,8.6525,-1,-1,-1
123,-1,497,187,36.769,83.436,5.8897,-1,-1,-1
124,-1,501,200,30.847,69.999,2.8046,-1,-1,-1
125,-1,499,192,33.548,76.129,8.5453,-1,-1,-1
125,-1,283,197,26,59,6.604,-1,-1,-1
126,-1,287,201,26,59,19.188,-1,-1,-1
127,-1,283,197,26,59,7.3543,-1,-1,-1
127,-1,501,195,30.847,69.999,2.7583,-1,-1,-1
128,-1,288,181,33.548,76.129,12.21,-1,-1,-1
128,-1,503,205,26,59,5.0134,-1,-1,-1
129,-1,282,193,28.326,64.279,14.308,-1,-1,-1
129,-1,501,195,30.847,69.999,10.186,-1,-1,-1
130,-1,504,201,28.326,64.279,18.265,-1,-1,-1
130,-1,282,193,28.326,64.279,3.9274,-1,-1,-1
131,-1,503,201,26,59,12.279,-1,-1,-1
131,-1,282,193,28.326,64.279,6.4447,-1,-1,-1
132,-1,503,205,26,59,8.787,-1,-1,-1
132,-1,282,193,28.326,64.279,8.5494,-1,-1,-1
134,-1,504,201,28.326,64.279,4.4449,-1,-1,-1
134,-1,286,193,28.326,64.279,1.928,-1,-1,-1
135,-1,499,197,33.548,76.129,2.2929,-1,-1,-1
136,-1,286,193,28.326,64.279,3.9762,-1,-1,-1
137,-1,282,193,28.326,64.279,3.0521,-1,-1,-1
138,-1,499,197,33.548,76.129,3.1409,-1,-1,-1
138,-1,286,193,28.326,64.279,3.0433,-1,-1,-1
140,-1,503,205,26,59,5.3616,-1,-1,-1
142,-1,503,201,26,59,7.2097,-1,-1,-1
145,-1,288,181,33.548,76.129,19.23,-1,-1,-1
145,-1,501,195,30.847,69.999,3.3121,-1,-1,-1
146,-1,507,197,26,59,10.376,-1,-1,-1
148,-1,287,197,26,59,7.3507,-1,-1,-1
150,-1,299,177,26,59,6.318,-1,-1,-1
154,-1,503,205,26,59,1.4853,-1,-1,-1
155,-1,503,205,26,59,6.9661,-1,-1,-1
156,-1,497,200,30.847,69.999,13.454,-1,-1,-1
157,-1,484,163,47.893,108.68,19.349,-1,-1,-1
158,-1,500,206,28.326,64.279,11.937,-1,-1,-1
159,-1,491,187,36.769,83.436,32.358,-1,-1,-1
160,-1,497,200,30.847,69.999,16.341,-1,-1,-1
161,-1,491,185,40,90.769,13.192,-1,-1,-1
162,-1,491,201,28.326,64.279,15.241,-1,-1,-1
163,-1,492,200,30.847,69.999,5.546,-1,-1,-1
164,-1,497,200,30.847,69.999,15.976,-1,-1,-1
164,-1,487,201,28.326,64.279,11.385,-1,-1,-1
165,-1,491,187,36.769,83.436,19.733,-1,-1,-1
166,-1,494,197,33.548,76.129,17.561,-1,-1,-1
167,-1,489,197,33.548,76.129,14.298,-1,-1,-1
168,-1,491,185,40,90.769,16.176,-1,-1,-1
169,-1,491,185,40,90.769,24.896,-1,-1,-1
170,-1,491,185,40,90.769,14.907,-1,-1,-1
178,-1,497,200,30.847,69.999,20.981,-1,-1,-1
179,-1,494,197,33.548,76.129,18.382,-1,-1,-1
180,-1,491,187,36.769,83.436,24.588,-1,-1,-1
181,-1,497,185,40,90.769,16.945,-1,-1,-1
182,-1,494,197,33.548,76.129,14.851,-1,-1,-1
183,-1,497,185,40,90.769,17.032,-1,-1,-1
184,-1,497,185,40,90.769,19.432,-1,-1,-1
185,-1,500,201,28.326,64.279,7.8967,-1,-1,-1
186,-1,504,201,28.326,64.279,5.0529,-1,-1,-1
187,-1,501,200,30.847,69.999,11.164,-1,-1,-1
188,-1,500,201,28.326,64.279,11.971,-1,-1,-1
189,-1,499,197,33.548,76.129,21.922,-1,-1,-1
191,-1,503,205,26,59,2.7101,-1,-1,-1
192,-1,500,201,28.326,64.279,4.2879,-1,-1,-1
194,-1,503,205,26,59,5.4252,-1,-1,-1
195,-1,503,205,26,59,8.3959,-1,-1,-1
196,-1,497,200,30.847,69.999,8.5248,-1,-1,-1
197,-1,503,205,26,59,5.0067,-1,-1,-1
198,-1,497,200,30.847,69.999,12.809,-1,-1,-1
199,-1,534,193,28.326,64.279,11.153,-1,-1,-1
199,-1,497,200,30.847,69.999,6.5058,-1,-1,-1
200,-1,500,201,28.326,64.279,16.734,-1,-1,-1
200,-1,530,186,33.548,76.129,11.095,-1,-1,-1
201,-1,497,200,30.847,69.999,12.593,-1,-1,-1
202,-1,500,201,28.326,64.279,9.5644,-1,-1,-1
203,-1,497,200,30.847,69.999,3.8095,-1,-1,-1
204,-1,499,205,26,59,6.3555,-1,-1,-1
206,-1,499,209,26,59,14.163,-1,-1,-1
207,-1,499,209,26,59,11.09,-1,-1,-1
208,-1,491,181,36.769,83.436,6.0994,-1,-1,-1
210,-1,495,209,26,59,13.515,-1,-1,-1
211,-1,495,209,26,59,1.1218,-1,-1,-1
212,-1,491,206,28.326,64.279,5.0575,-1,-1,-1
213,-1,491,209,26,59,11.18,-1,-1,-1
214,-1,491,206,28.326,64.279,3.6725,-1,-1,-1
215,-1,515,186,33.548,76.129,8.671,-1,-1,-1
215,-1,150,79,125.53,284.85,8.3297,-1,-1,-1
215,-1,491,206,28.326,64.279,4.6855,-1,-1,-1
216,-1,509,179,40,90.769,10.391,-1,-1,-1
216,-1,487,205,30.847,69.999,1.6283,-1,-1,-1
217,-1,480,187,36.769,83.436,11.064,-1,-1,-1
217,-1,514,181,36.769,83.436,7.2884,-1,-1,-1
217,-1,150,79,125.53,284.85,2.4835,-1,-1,-1
218,-1,487,206,28.326,64.279,20.177,-1,-1,-1
218,-1,498,163,47.893,108.68,5.3597,-1,-1,-1
219,-1,482,205,30.847,69.999,13.093,-1,-1,-1
219,-1,170,98,125.53,284.85,8.4028,-1,-1,-1
220,-1,170,98,125.53,284.85,12.798,-1,-1,-1
220,-1,484,171,47.893,108.68,4.6441,-1,-1,-1
221,-1,170,98,125.53,284.85,22.675,-1,-1,-1
221,-1,482,205,30.847,69.999,4.6618,-1,-1,-1
222,-1,189,98,125.53,284.85,18.507,-1,-1,-1
222,-1,330,127,28.326,64.279,2.1075,-1,-1,-1
223,-1,188,98,104,236,23.635,-1,-1,-1
224,-1,189,79,125.53,284.85,25.115,-1,-1,-1
225,-1,483,183,43.854,99.515,19.476,-1,-1,-1
225,-1,189,79,125.53,284.85,9.2266,-1,-1,-1
226,-1,535,197,26,59,27.237,-1,-1,-1
226,-1,204,114,104,236,21.514,-1,-1,-1
226,-1,484,171,47.893,108.68,0.62863,-1,-1,-1
227,-1,204,98,104,236,17.936,-1,-1,-1
227,-1,469,171,47.893,108.68,6.6766,-1,-1,-1
228,-1,220,114,104,236,19.65,-1,-1,-1
229,-1,220,114,104,236,25.504,-1,-1,-1
230,-1,221,88,112.01,254.17,11.81,-1,-1,-1
231,-1,476,178,47.893,108.68,18.215,-1,-1,-1
234,-1,281,237,43.854,99.515,13.045,-1,-1,-1
235,-1,563,191,30.847,69.999,3.4021,-1,-1,-1
237,-1,277,122,86.667,196.67,21.47,-1,-1,-1
238,-1,290,122,86.667,196.67,20.338,-1,-1,-1
239,-1,292,137,80,181.54,20.548,-1,-1,-1
239,-1,599,205,26,59,15.569,-1,-1,-1
240,-1,290,122,86.667,196.67,22.028,-1,-1,-1
240,-1,402,175,125.53,284.85,9.4378,-1,-1,-1
241,-1,290,122,86.667,196.67,16.316,-1,-1,-1
241,-1,402,175,125.53,284.85,9.4298,-1,-1,-1
242,-1,307,243,30.847,69.999,11.595,-1,-1,-1
243,-1,386,181,33.548,76.129,9.4525,-1,-1,-1
244,-1,386,181,33.548,76.129,9.6732,-1,-1,-1
244,-1,330,245,28.326,64.279,6.0102,-1,-1,-1
245,-1,388,186,30.847,69.999,6.9407,-1,-1,-1
246,-1,284,145,62.22,141.19,10.663,-1,-1,-1
247,-1,445,208,112.01,254.17,7.7789,-1,-1,-1
248,-1,303,122,86.667,196.67,14.34,-1,-1,-1
248,-1,194,100,80,181.54,0.57642,-1,-1,-1
249,-1,305,125,80,181.54,35.425,-1,-1,-1
249,-1,413,214,28.326,64.279,2.6468,-1,-1,-1
250,-1,305,125,80,181.54,45.708,-1,-1,-1
250,-1,403,171,47.893,108.68,20.161,-1,-1,-1
250,-1,79,181,30.847,69.999,14.713,-1,-1,-1
251,-1,317,125,80,181.54,40.263,-1,-1,-1
251,-1,85,173,40,90.769,25.241,-1,-1,-1
251,-1,406,204,36.769,83.436,9.9693,-1,-1,-1
251,-1,72,179,40,90.769,8.3958,-1,-1,-1
252,-1,317,125,80,181.54,47.928,-1,-1,-1
252,-1,470,201,52,118,15.452,-1,-1,-1
253,-1,329,125,80,181.54,25.231,-1,-1,-1
253,-1,412,210,36.769,83.436,16.946,-1,-1,-1
254,-1,329,125,80,181.54,20.007,-1,-1,-1
254,-1,508,194,104,236,8.6149,-1,-1,-1
254,-1,447,174,62.22,141.19,7.514,-1,-1,-1
254,-1,422,217,33.548,76.129,6.4795,-1,-1,-1
255,-1,443,150,74.286,168.57,18.223,-1,-1,-1
255,-1,329,139,74.286,168.57,18.208,-1,-1,-1
256,-1,102,177,52,118,13.928,-1,-1,-1
256,-1,27,205,26,59,12.5,-1,-1,-1
256,-1,428,137,80,181.54,3.721,-1,-1,-1
257,-1,94,177,52,118,22.488,-1,-1,-1
257,-1,343,249,26,59,5.9033,-1,-1,-1
258,-1,30,186,33.548,76.129,9.3996,-1,-1,-1
258,-1,404,133,94.545,214.55,6.3968,-1,-1,-1
259,-1,397,161,74.286,168.57,13.861,-1,-1,-1
259,-1,463,189,26,59,1.7054,-1,-1,-1
260,-1,375,118,94.545,214.55,23.876,-1,-1,-1
261,-1,360,133,94.545,214.55,32.057,-1,-1,-1
261,-1,312,147,68.041,154.4,14.744,-1,-1,-1
262,-1,332,130,104,236,31.453,-1,-1,-1
263,-1,307,122,112.01,254.17,15.813,-1,-1,-1
264,-1,300,130,104,236,20.329,-1,-1,-1
265,-1,378,227,36.769,83.436,6.2759,-1,-1,-1
266,-1,268,130,104,236,37.014,-1,-1,-1
267,-1,306,127,74.286,168.57,21.421,-1,-1,-1
268,-1,294,127,74.286,168.57,20.713,-1,-1,-1
269,-1,367,215,36.769,83.436,12.628,-1,-1,-1
269,-1,303,145,62.22,141.19,9.8883,-1,-1,-1
270,-1,342,190,43.854,99.515,20.661,-1,-1,-1
271,-1,329,156,47.893,108.68,12.925,-1,-1,-1
272,-1,371,133,26,59,12.594,-1,-1,-1
272,-1,294,47,74.286,168.57,8.4453,-1,-1,-1
272,-1,270,81,52,118,5.5874,-1,-1,-1
273,-1,261,71,56.877,129.07,24.168,-1,-1,-1
273,-1,329,126,47.893,108.68,18.198,-1,-1,-1
274,-1,314,141,47.893,108.68,21.551,-1,-1,-1
274,-1,256,78,62.22,141.19,-0.095626,-1,-1,-1
275,-1,310,153,52,118,15.469,-1,-1,-1
275,-1,369,153,28.326,64.279,10.248,-1,-1,-1
276,-1,238,137,52,118,18.721,-1,-1,-1
276,-1,371,185,26,59,8.684,-1,-1,-1
276,-1,263,156,47.893,108.68,2.2859,-1,-1,-1
277,-1,235,141,56.877,129.07,22.776,-1,-1,-1
277,-1,300,208,47.893,108.68,20.642,-1,-1,-1
278,-1,226,149,56.877,129.07,30.542,-1,-1,-1
278,-1,285,208,47.893,108.68,23.9,-1,-1,-1
279,-1,270,217,52,118,16.533,-1,-1,-1
280,-1,179,193,62.22,141.19,12.125,-1,-1,-1
280,-1,246,203,62.22,141.19,11.172,-1,-1,-1
280,-1,287,158,56.877,129.07,9.4487,-1,-1,-1
281,-1,260,127,68.041,154.4,11.566,-1,-1,-1
282,-1,160,212,62.22,141.19,31.046,-1,-1,-1
282,-1,263,198,40,90.769,15.211,-1,-1,-1
283,-1,134,122,112.01,254.17,18.268,-1,-1,-1
284,-1,165,220,68.041,154.4,21.709,-1,-1,-1
285,-1,288,210,40,90.769,34.922,-1,-1,-1
285,-1,165,220,68.041,154.4,25.837,-1,-1,-1
285,-1,206,201,52,118,8.8068,-1,-1,-1
286,-1,222,209,52,118,32.772,-1,-1,-1
286,-1,180,207,74.286,168.57,20.341,-1,-1,-1
286,-1,307,241,26,59,13.836,-1,-1,-1
287,-1,189,232,62.22,141.19,20.805,-1,-1,-1
287,-1,226,222,47.893,108.68,15.489,-1,-1,-1
288,-1,226,202,56.877,129.07,16.703,-1,-1,-1
288,-1,191,230,74.286,168.57,14.811,-1,-1,-1
288,-1,329,223,33.548,76.129,-0.37407,-1,-1,-1
289,-1,243,211,56.877,129.07,17.608,-1,-1,-1
289,-1,203,219,74.286,168.57,16.407,-1,-1,-1
290,-1,296,176,56.877,129.07,15.859,-1,-1,-1
290,-1,218,235,80,181.54,8.6321,-1,-1,-1
291,-1,237,241,74.286,168.57,13.941,-1,-1,-1
292,-1,229,220,94.545,214.55,17.591,-1,-1,-1
292,-1,306,173,74.286,168.57,13.008,-1,-1,-1
293,-1,323,179,68.041,154.4,22.814,-1,-1,-1
293,-1,236,210,104,236,18.148,-1,-1,-1
294,-1,252,226,104,236,24.074,-1,-1,-1
294,-1,411,217,26,59,13.838,-1,-1,-1
294,-1,432,223,33.548,76.129,5.3683,-1,-1,-1
295,-1,258,249,94.545,214.55,39.846,-1,-1,-1
295,-1,444,229,30.847,69.999,13.918,-1,-1,-1
295,-1,366,177,52,118,4.3076,-1,-1,-1
296,-1,214,185,52,118,1.3871,-1,-1,-1
297,-1,386,161,74.286,168.57,23.165,-1,-1,-1
297,-1,236,226,104,236,8.4521,-1,-1,-1
298,-1,397,161,74.286,168.57,39.921,-1,-1,-1
299,-1,409,161,74.286,168.57,41.032,-1,-1,-1
300,-1,420,161,74.286,168.57,37.609,-1,-1,-1
300,-1,387,241,26,59,23.18,-1,-1,-1
301,-1,431,161,74.286,168.57,28.631,-1,-1,-1
301,-1,389,204,43.854,99.515,5.9084,-1,-1,-1
302,-1,382,204,43.854,99.515,29.104,-1,-1,-1
302,-1,428,149,80,181.54,21.439,-1,-1,-1
302,-1,-13,158,68.041,154.4,7.8261,-1,-1,-1
302,-1,396,197,43.854,99.515,6.3898,-1,-1,-1
303,-1,382,204,43.854,99.515,19.268,-1,-1,-1
303,-1,396,197,43.854,99.515,16.651,-1,-1,-1
303,-1,326,193,52,118,13.129,-1,-1,-1
303,-1,-3,139,74.286,168.57,13.128,-1,-1,-1
303,-1,449,158,68.041,154.4,10.888,-1,-1,-1
304,-1,326,193,52,118,27.441,-1,-1,-1
304,-1,396,197,43.854,99.515,19.821,-1,-1,-1
304,-1,454,161,74.286,168.57,18.738,-1,-1,-1
304,-1,296,184,56.877,129.07,9.8012,-1,-1,-1
304,-1,11,176,94.545,214.55,8.6462,-1,-1,-1
305,-1,331,184,56.877,129.07,30.807,-1,-1,-1
305,-1,405,198,40,90.769,28.831,-1,-1,-1
305,-1,459,158,68.041,154.4,21.399,-1,-1,-1
305,-1,367,221,36.769,83.436,19.146,-1,-1,-1
305,-1,284,174,62.22,141.19,5.7211,-1,-1,-1
305,-1,265,164,62.22,141.19,1.8933,-1,-1,-1
306,-1,505,162,94.545,214.55,51.172,-1,-1,-1
306,-1,390,193,52,118,34.417,-1,-1,-1
306,-1,439,205,26,59,28.186,-1,-1,-1
306,-1,466,174,62.22,141.19,15.614,-1,-1,-1
306,-1,344,208,47.893,108.68,10.705,-1,-1,-1
306,-1,260,158,68.041,154.4,8.7558,-1,-1,-1
307,-1,497,139,112.01,254.17,42.309,-1,-1,-1
307,-1,435,205,26,59,25.302,-1,-1,-1
307,-1,388,193,47.893,108.68,23.979,-1,-1,-1
307,-1,334,193,52,118,23.513,-1,-1,-1
307,-1,280,137,80,181.54,11.026,-1,-1,-1
307,-1,246,164,62.22,141.19,6.2876,-1,-1,-1
307,-1,378,236,28.326,64.279,5.2421,-1,-1,-1
308,-1,340,184,56.877,129.07,38.246,-1,-1,-1
308,-1,508,146,104,236,34.85,-1,-1,-1
308,-1,294,150,74.286,168.57,25.752,-1,-1,-1
308,-1,405,216,40,90.769,14.212,-1,-1,-1
309,-1,410,200,47.893,108.68,47.14,-1,-1,-1
309,-1,313,193,56.877,129.07,40.652,-1,-1,-1
309,-1,497,139,112.01,254.17,38.895,-1,-1,-1
309,-1,348,184,56.877,129.07,36.801,-1,-1,-1
309,-1,296,184,56.877,129.07,12.099,-1,-1,-1
310,-1,348,193,56.877,129.07,40.968,-1,-1,-1
310,-1,480,137,125.53,284.85,36.212,-1,-1,-1
310,-1,310,201,52,118,26.826,-1,-1,-1
310,-1,410,200,47.893,108.68,21.381,-1,-1,-1
310,-1,294,235,40,90.769,12.55,-1,-1,-1
311,-1,357,193,56.877,129.07,35.361,-1,-1,-1
311,-1,480,137,125.53,284.85,34.176,-1,-1,-1
311,-1,34,118,125.53,284.85,18.069,-1,-1,-1
311,-1,288,235,40,90.769,16.657,-1,-1,-1
311,-1,306,150,74.286,168.57,7.1466,-1,-1,-1
311,-1,380,174,62.22,141.19,4.7436,-1,-1,-1
312,-1,357,193,56.877,129.07,26.263,-1,-1,-1
312,-1,480,137,125.53,284.85,18.33,-1,-1,-1
312,-1,314,215,47.893,108.68,13.067,-1,-1,-1
312,-1,380,174,62.22,141.19,6.7511,-1,-1,-1
313,-1,357,193,56.877,129.07,28.469,-1,-1,-1
313,-1,440,178,47.893,108.68,23.9,-1,-1,-1
313,-1,375,184,56.877,129.07,19.1,-1,-1,-1
313,-1,480,118,125.53,284.85,10.653,-1,-1,-1
314,-1,361,184,62.22,141.19,49.374,-1,-1,-1
314,-1,436,190,43.854,99.515,33.731,-1,-1,-1
314,-1,461,156,125.53,284.85,19.532,-1,-1,-1
314,-1,313,202,56.877,129.07,11.056,-1,-1,-1
315,-1,365,179,68.041,154.4,53.654,-1,-1,-1
315,-1,414,201,52,118,17.601,-1,-1,-1
315,-1,302,133,94.545,214.55,6.3782,-1,-1,-1
316,-1,365,179,68.041,154.4,52.663,-1,-1,-1
316,-1,20,150,74.286,168.57,28.477,-1,-1,-1
316,-1,341,193,62.22,141.19,22.971,-1,-1,-1
317,-1,322,193,62.22,141.19,28.022,-1,-1,-1
317,-1,389,184,62.22,141.19,27.988,-1,-1,-1
317,-1,20,150,74.286,168.57,26.921,-1,-1,-1
317,-1,206,112,80,181.54,4.0433,-1,-1,-1
318,-1,22,137,80,181.54,25.172,-1,-1,-1
318,-1,317,173,74.286,168.57,22.046,-1,-1,-1
318,-1,389,193,62.22,141.19,20.677,-1,-1,-1
319,-1,20,150,74.286,168.57,38.612,-1,-1,-1
319,-1,418,193,62.22,141.19,34.929,-1,-1,-1
319,-1,329,162,80,181.54,16.611,-1,-1,-1
320,-1,43,139,74.286,168.57,38.49,-1,-1,-1
320,-1,428,179,68.041,154.4,34.035,-1,-1,-1
320,-1,342,162,80,181.54,23.633,-1,-1,-1
320,-1,20,150,74.286,168.57,16.712,-1,-1,-1
320,-1,249,137,68.041,154.4,3.3738,-1,-1,-1
321,-1,43,139,74.286,168.57,46.923,-1,-1,-1
321,-1,449,179,68.041,154.4,37.522,-1,-1,-1
321,-1,354,162,80,181.54,13.79,-1,-1,-1
322,-1,470,168,68.041,154.4,53.492,-1,-1,-1
322,-1,54,127,74.286,168.57,38.794,-1,-1,-1
322,-1,370,148,86.667,196.67,17.613,-1,-1,-1
322,-1,268,100,80,181.54,1.5623,-1,-1,-1
323,-1,489,161,74.286,168.57,48.807,-1,-1,-1
323,-1,58,125,80,181.54,32.062,-1,-1,-1
324,-1,501,168,68.041,154.4,44.773,-1,-1,-1
324,-1,534,209,52,118,41.631,-1,-1,-1
324,-1,66,127,74.286,168.57,38.053,-1,-1,-1
324,-1,414,217,52,118,12.965,-1,-1,-1
324,-1,290,82,86.667,196.67,5.3663,-1,-1,-1
325,-1,543,168,68.041,154.4,34.864,-1,-1,-1
325,-1,66,127,74.286,168.57,34.85,-1,-1,-1
325,-1,412,114,104,236,12.673,-1,-1,-1
325,-1,522,158,68.041,154.4,6.2168,-1,-1,-1
326,-1,66,127,74.286,168.57,39.956,-1,-1,-1
326,-1,538,149,80,181.54,22.837,-1,-1,-1
326,-1,418,133,94.545,214.55,16.464,-1,-1,-1
326,-1,303,82,86.667,196.67,13.773,-1,-1,-1
327,-1,423,148,86.667,196.67,36.259,-1,-1,-1
327,-1,543,135,86.667,196.67,21.201,-1,-1,-1
327,-1,66,116,74.286,168.57,19.474,-1,-1,-1
327,-1,303,82,86.667,196.67,8.7341,-1,-1,-1
328,-1,437,148,86.667,196.67,20.185,-1,-1,-1
328,-1,557,135,86.667,196.67,15.991,-1,-1,-1
329,-1,445,211,56.877,129.07,15.505,-1,-1,-1
329,-1,563,149,80,181.54,14.395,-1,-1,-1
329,-1,317,100,80,181.54,0.67374,-1,-1,-1
330,-1,437,148,86.667,196.67,23.659,-1,-1,-1
330,-1,118,176,36.769,83.436,13.658,-1,-1,-1
331,-1,433,133,94.545,214.55,37.704,-1,-1,-1
331,-1,109,167,40,90.769,19.402,-1,-1,-1
332,-1,428,114,104,236,15.431,-1,-1,-1
333,-1,549,118,94.545,214.55,15.741,-1,-1,-1
333,-1,433,133,94.545,214.55,8.8607,-1,-1,-1
334,-1,444,114,104,236,23.919,-1,-1,-1
334,-1,556,82,104,236,19.947,-1,-1,-1
334,-1,31,116,74.286,168.57,5.7157,-1,-1,-1
335,-1,445,105,112.01,254.17,28.359,-1,-1,-1
335,-1,564,104,94.545,214.55,22.059,-1,-1,-1
335,-1,39,197,43.854,99.515,8.146,-1,-1,-1
336,-1,444,114,104,236,26.393,-1,-1,-1
336,-1,564,104,94.545,214.55,14.243,-1,-1,-1
337,-1,463,88,112.01,254.17,26.183,-1,-1,-1
338,-1,461,79,125.53,284.85,43.552,-1,-1,-1
339,-1,461,79,125.53,284.85,35.26,-1,-1,-1
339,-1,9,112,80,181.54,20.543,-1,-1,-1
340,-1,480,79,125.53,284.85,20.305,-1,-1,-1
340,-1,20,116,74.286,168.57,0.78445,-1,-1,-1
341,-1,480,79,125.53,284.85,14.694,-1,-1,-1
341,-1,226,167,40,90.769,3.4594,-1,-1,-1
342,-1,220,167,40,90.769,28.298,-1,-1,-1
342,-1,21,149,28.326,64.279,14.248,-1,-1,-1
342,-1,480,79,125.53,284.85,6.7798,-1,-1,-1
343,-1,519,79,125.53,284.85,10.998,-1,-1,-1
343,-1,39,137,68.041,154.4,9.364,-1,-1,-1
343,-1,226,171,33.548,76.129,3.776,-1,-1,-1
344,-1,220,167,40,90.769,49.896,-1,-1,-1
344,-1,10,215,36.769,83.436,15.874,-1,-1,-1
344,-1,43,127,74.286,168.57,12.337,-1,-1,-1
345,-1,214,173,40,90.769,41.518,-1,-1,-1
345,-1,46,112,80,181.54,15.028,-1,-1,-1
346,-1,207,170,43.854,99.515,40.255,-1,-1,-1
346,-1,54,127,74.286,168.57,11.882,-1,-1,-1
346,-1,9,127,74.286,168.57,9.0946,-1,-1,-1
347,-1,71,147,68.041,154.4,28.255,-1,-1,-1
347,-1,207,170,43.854,99.515,25.223,-1,-1,-1
347,-1,20,127,74.286,168.57,6.5129,-1,-1,-1
348,-1,214,170,43.854,99.515,37.892,-1,-1,-1
348,-1,81,137,68.041,154.4,25.896,-1,-1,-1
348,-1,31,127,74.286,168.57,16.202,-1,-1,-1
349,-1,200,170,43.854,99.515,50.206,-1,-1,-1
349,-1,93,155,62.22,141.19,20.667,-1,-1,-1
349,-1,25,177,43.854,99.515,20.202,-1,-1,-1
349,-1,220,179,40,90.769,11.846,-1,-1,-1
350,-1,197,163,47.893,108.68,55.03,-1,-1,-1
350,-1,31,127,74.286,168.57,21.139,-1,-1,-1
350,-1,131,149,26,59,8.1563,-1,-1,-1
351,-1,194,170,43.854,99.515,51.924,-1,-1,-1
351,-1,39,197,43.854,99.515,22.724,-1,-1,-1
352,-1,194,170,43.854,99.515,59.255,-1,-1,-1
352,-1,42,204,40,90.769,17.998,-1,-1,-1
352,-1,112,145,62.22,141.19,0.79779,-1,-1,-1
353,-1,189,163,47.893,108.68,45.62,-1,-1,-1
353,-1,35,209,26,59,35.929,-1,-1,-1
353,-1,131,145,62.22,141.19,25.269,-1,-1,-1
353,-1,71,112,80,181.54,9.3349,-1,-1,-1
354,-1,39,213,26,59,39.544,-1,-1,-1
354,-1,202,167,40,90.769,25.862,-1,-1,-1
354,-1,93,145,62.22,141.19,21.307,-1,-1,-1
355,-1,155,147,68.041,154.4,19.412,-1,-1,-1
355,-1,113,147,68.041,154.4,15.169,-1,-1,-1
356,-1,160,145,62.22,141.19,33.129,-1,-1,-1
356,-1,113,137,68.041,154.4,26.111,-1,-1,-1
357,-1,165,127,68.041,154.4,18.33,-1,-1,-1
357,-1,123,137,68.041,154.4,15.654,-1,-1,-1
358,-1,123,137,68.041,154.4,37.401,-1,-1,-1
358,-1,165,137,68.041,154.4,23.829,-1,-1,-1
359,-1,122,174,62.22,141.19,45.545,-1,-1,-1
359,-1,169,150,74.286,168.57,24.405,-1,-1,-1
359,-1,374,93,40,90.769,5.3084,-1,-1,-1
360,-1,131,174,62.22,141.19,56.813,-1,-1,-1
360,-1,165,168,68.041,154.4,29.726,-1,-1,-1
360,-1,384,102,36.769,83.436,1.048,-1,-1,-1
361,-1,165,168,68.041,154.4,33.659,-1,-1,-1
361,-1,122,174,62.22,141.19,29.642,-1,-1,-1
362,-1,165,158,68.041,154.4,46.283,-1,-1,-1
362,-1,122,164,62.22,141.19,27.284,-1,-1,-1
362,-1,102,193,52,118,11.431,-1,-1,-1
363,-1,179,174,62.22,141.19,33.764,-1,-1,-1
363,-1,94,176,56.877,129.07,21.475,-1,-1,-1
364,-1,176,168,68.041,154.4,31.594,-1,-1,-1
364,-1,134,168,68.041,154.4,27.574,-1,-1,-1
364,-1,84,174,62.22,141.19,17.519,-1,-1,-1
365,-1,131,184,62.22,141.19,35.198,-1,-1,-1
365,-1,176,168,68.041,154.4,17.687,-1,-1,-1
366,-1,123,158,68.041,154.4,30.316,-1,-1,-1
366,-1,219,169,26,59,20.382,-1,-1,-1
367,-1,186,147,68.041,154.4,25.263,-1,-1,-1
367,-1,141,155,62.22,141.19,21.154,-1,-1,-1
368,-1,197,158,68.041,154.4,17.721,-1,-1,-1
368,-1,165,147,68.041,154.4,15.664,-1,-1,-1
369,-1,169,137,80,181.54,31.639,-1,-1,-1
369,-1,207,158,68.041,154.4,27.937,-1,-1,-1
370,-1,176,158,68.041,154.4,50.149,-1,-1,-1
370,-1,206,149,80,181.54,24.661,-1,-1,-1
370,-1,279,213,26,59,3.2948,-1,-1,-1
371,-1,179,164,62.22,141.19,49.31,-1,-1,-1
371,-1,227,164,62.22,141.19,12.987,-1,-1,-1
372,-1,186,158,68.041,154.4,51.736,-1,-1,-1
372,-1,228,158,68.041,154.4,12.664,-1,-1,-1
373,-1,198,164,62.22,141.19,48.826,-1,-1,-1
373,-1,246,174,62.22,141.19,15.188,-1,-1,-1
373,-1,217,174,62.22,141.19,14.859,-1,-1,-1
374,-1,208,174,62.22,141.19,40.162,-1,-1,-1
375,-1,217,176,56.877,129.07,46.336,-1,-1,-1
375,-1,34,98,125.53,284.85,16.801,-1,-1,-1
375,-1,260,158,68.041,154.4,13.489,-1,-1,-1
376,-1,217,164,62.22,141.19,42.067,-1,-1,-1
376,-1,34,98,125.53,284.85,18.945,-1,-1,-1
376,-1,443,221,26,59,3.2251,-1,-1,-1
376,-1,265,174,62.22,141.19,2.3545,-1,-1,-1
377,-1,282,222,40,90.769,34.1,-1,-1,-1
377,-1,218,158,68.041,154.4,20.403,-1,-1,-1
377,-1,34,98,125.53,284.85,18.202,-1,-1,-1
377,-1,446,198,36.769,83.436,7.2531,-1,-1,-1
378,-1,270,158,68.041,154.4,29.679,-1,-1,-1
378,-1,34,79,125.53,284.85,16.594,-1,-1,-1
378,-1,448,192,40,90.769,6.8232,-1,-1,-1
379,-1,227,164,62.22,141.19,22.137,-1,-1,-1
379,-1,448,192,40,90.769,15.866,-1,-1,-1
379,-1,34,79,125.53,284.85,5.7226,-1,-1,-1
380,-1,228,158,68.041,154.4,20.763,-1,-1,-1
380,-1,270,158,68.041,154.4,2.8039,-1,-1,-1
381,-1,270,158,68.041,154.4,33.619,-1,-1,-1
381,-1,448,198,40,90.769,20.069,-1,-1,-1
382,-1,281,158,68.041,154.4,29.763,-1,-1,-1
382,-1,448,198,40,90.769,15.8,-1,-1,-1
383,-1,446,204,36.769,83.436,24.435,-1,-1,-1
383,-1,281,168,68.041,154.4,17.341,-1,-1,-1
383,-1,227,174,62.22,141.19,11.263,-1,-1,-1
384,-1,271,150,74.286,168.57,36.347,-1,-1,-1
384,-1,246,174,62.22,141.19,16.718,-1,-1,-1
385,-1,283,150,74.286,168.57,34.721,-1,-1,-1
385,-1,236,164,62.22,141.19,22.86,-1,-1,-1
385,-1,440,198,36.769,83.436,13.803,-1,-1,-1
386,-1,283,150,74.286,168.57,41.599,-1,-1,-1
386,-1,228,158,68.041,154.4,32.324,-1,-1,-1
386,-1,429,192,40,90.769,10.294,-1,-1,-1
387,-1,227,164,62.22,141.19,39.519,-1,-1,-1
387,-1,271,150,74.286,168.57,24.528,-1,-1,-1
387,-1,429,192,40,90.769,17.321,-1,-1,-1
387,-1,505,147,94.545,214.55,7.9344,-1,-1,-1
388,-1,231,233,33.548,76.129,29.775,-1,-1,-1
388,-1,271,150,74.286,168.57,25.346,-1,-1,-1
388,-1,508,130,104,236,13.268,-1,-1,-1
388,-1,423,192,40,90.769,9.1873,-1,-1,-1
389,-1,217,174,62.22,141.19,54.569,-1,-1,-1
389,-1,508,130,104,236,34.738,-1,-1,-1
389,-1,271,150,74.286,168.57,13.627,-1,-1,-1
390,-1,217,174,62.22,141.19,41.21,-1,-1,-1
390,-1,508,130,104,236,37.737,-1,-1,-1
390,-1,265,174,62.22,141.19,18.092,-1,-1,-1
391,-1,207,158,68.041,154.4,30.748,-1,-1,-1
391,-1,508,130,104,236,29.963,-1,-1,-1
391,-1,260,158,68.041,154.4,23.288,-1,-1,-1
391,-1,395,193,36.769,83.436,6.478,-1,-1,-1
392,-1,508,114,104,236,19.473,-1,-1,-1
392,-1,208,164,62.22,141.19,11.836,-1,-1,-1
392,-1,261,167,56.877,129.07,10.846,-1,-1,-1
392,-1,384,193,36.769,83.436,7.777,-1,-1,-1
393,-1,499,118,125.53,284.85,21.536,-1,-1,-1
393,-1,197,158,68.041,154.4,11.026,-1,-1,-1
393,-1,239,158,68.041,154.4,8.3326,-1,-1,-1
394,-1,499,98,125.53,284.85,20.037,-1,-1,-1
394,-1,246,164,62.22,141.19,16.03,-1,-1,-1
394,-1,197,158,68.041,154.4,13.19,-1,-1,-1
394,-1,386,202,33.548,76.129,3.5722,-1,-1,-1
395,-1,197,158,68.041,154.4,11.399,-1,-1,-1
395,-1,249,158,68.041,154.4,6.5399,-1,-1,-1
395,-1,499,98,125.53,284.85,5.9129,-1,-1,-1
396,-1,186,158,68.041,154.4,21.865,-1,-1,-1
396,-1,243,176,56.877,129.07,15.766,-1,-1,-1
397,-1,189,174,62.22,141.19,29.151,-1,-1,-1
397,-1,239,168,68.041,154.4,13.026,-1,-1,-1
398,-1,243,184,56.877,129.07,22.98,-1,-1,-1
398,-1,198,174,62.22,141.19,22.703,-1,-1,-1
399,-1,198,174,62.22,141.19,33.742,-1,-1,-1
399,-1,246,164,62.22,141.19,31.558,-1,-1,-1
400,-1,197,158,68.041,154.4,49.657,-1,-1,-1
400,-1,237,150,74.286,168.57,30.562,-1,-1,-1
401,-1,236,174,62.22,141.19,30.402,-1,-1,-1
401,-1,186,158,68.041,154.4,27.284,-1,-1,-1
401,-1,207,168,68.041,154.4,8.0875,-1,-1,-1
401,-1,355,202,33.548,76.129,5.2892,-1,-1,-1
402,-1,228,158,68.041,154.4,26.891,-1,-1,-1
402,-1,186,158,68.041,154.4,21.203,-1,-1,-1
402,-1,350,197,33.548,76.129,0.65625,-1,-1,-1
403,-1,191,176,56.877,129.07,36.152,-1,-1,-1
403,-1,236,174,62.22,141.19,20.242,-1,-1,-1
404,-1,236,164,62.22,141.19,29.268,-1,-1,-1
404,-1,189,164,62.22,141.19,28.03,-1,-1,-1
405,-1,236,164,62.22,141.19,35.347,-1,-1,-1
405,-1,189,164,62.22,141.19,31.624,-1,-1,-1
406,-1,243,167,56.877,129.07,25.351,-1,-1,-1
406,-1,189,164,62.22,141.19,12.36,-1,-1,-1
407,-1,246,161,52,118,29.932,-1,-1,-1
408,-1,236,155,62.22,141.19,32.12,-1,-1,-1
408,-1,189,155,62.22,141.19,14.471,-1,-1,-1
409,-1,243,167,56.877,129.07,31.481,-1,-1,-1
409,-1,186,147,68.041,154.4,12.883,-1,-1,-1
410,-1,236,164,62.22,141.19,35.094,-1,-1,-1
410,-1,189,155,62.22,141.19,18.371,-1,-1,-1
411,-1,179,155,62.22,141.19,32.359,-1,-1,-1
411,-1,227,155,62.22,141.19,31.373,-1,-1,-1
411,-1,334,186,33.548,76.129,10.067,-1,-1,-1
412,-1,227,164,62.22,141.19,27.723,-1,-1,-1
412,-1,170,164,62.22,141.19,24.08,-1,-1,-1
412,-1,329,186,33.548,76.129,3.7087,-1,-1,-1
413,-1,329,186,33.548,76.129,26.945,-1,-1,-1
413,-1,170,155,62.22,141.19,23.554,-1,-1,-1
413,-1,235,158,56.877,129.07,20.025,-1,-1,-1
414,-1,173,167,56.877,129.07,24.738,-1,-1,-1
414,-1,226,167,56.877,129.07,23.637,-1,-1,-1
415,-1,217,155,62.22,141.19,28.692,-1,-1,-1
415,-1,170,155,62.22,141.19,12.808,-1,-1,-1
415,-1,119,213,26,59,12.189,-1,-1,-1
415,-1,307,195,30.847,69.999,3.547,-1,-1,-1
416,-1,538,223,80,181.54,17.076,-1,-1,-1
416,-1,160,155,62.22,141.19,16.15,-1,-1,-1
416,-1,298,192,33.548,76.129,11.758,-1,-1,-1
416,-1,208,164,62.22,141.19,6.6346,-1,-1,-1
417,-1,214,177,52,118,16.887,-1,-1,-1
417,-1,530,228,86.667,196.67,14.857,-1,-1,-1
417,-1,160,164,62.22,141.19,12.269,-1,-1,-1
418,-1,164,167,56.877,129.07,35.578,-1,-1,-1
418,-1,208,167,56.877,129.07,23.63,-1,-1,-1
419,-1,156,167,56.877,129.07,39.295,-1,-1,-1
419,-1,208,176,56.877,129.07,27.873,-1,-1,-1
419,-1,293,192,33.548,76.129,10.915,-1,-1,-1
420,-1,156,167,56.877,129.07,48.324,-1,-1,-1
420,-1,199,167,56.877,129.07,28.732,-1,-1,-1
420,-1,288,191,30.847,69.999,19.844,-1,-1,-1
420,-1,524,176,56.877,129.07,2.0267,-1,-1,-1
421,-1,147,167,56.877,129.07,34.632,-1,-1,-1
421,-1,191,167,56.877,129.07,22.843,-1,-1,-1
421,-1,279,195,30.847,69.999,3.4708,-1,-1,-1
422,-1,189,155,62.22,141.19,26.343,-1,-1,-1
422,-1,147,167,56.877,129.07,25.408,-1,-1,-1
422,-1,282,193,28.326,64.279,10.671,-1,-1,-1
423,-1,269,191,30.847,69.999,24.349,-1,-1,-1
423,-1,182,167,56.877,129.07,23.211,-1,-1,-1
423,-1,138,158,56.877,129.07,13.577,-1,-1,-1
423,-1,492,194,104,236,8.3064,-1,-1,-1
424,-1,182,167,56.877,129.07,29.677,-1,-1,-1
424,-1,262,186,33.548,76.129,27.298,-1,-1,-1
424,-1,546,104,74.286,168.57,12.114,-1,-1,-1
424,-1,131,145,62.22,141.19,5.6613,-1,-1,-1
424,-1,461,118,125.53,284.85,4.6714,-1,-1,-1
425,-1,129,158,56.877,129.07,31.638,-1,-1,-1
425,-1,182,169,52,118,28.707,-1,-1,-1
425,-1,260,186,30.847,69.999,26.41,-1,-1,-1
425,-1,511,104,74.286,168.57,12.613,-1,-1,-1
425,-1,463,202,86.667,196.67,2.4126,-1,-1,-1
426,-1,173,158,56.877,129.07,45.985,-1,-1,-1
426,-1,121,158,56.877,129.07,37.935,-1,-1,-1
426,-1,441,60,125.53,284.85,27.839,-1,-1,-1
426,-1,255,186,30.847,69.999,22.794,-1,-1,-1
427,-1,174,161,52,118,34.395,-1,-1,-1
427,-1,112,158,56.877,129.07,21.537,-1,-1,-1
427,-1,246,176,33.548,76.129,18.412,-1,-1,-1
427,-1,422,118,125.53,284.85,8.8633,-1,-1,-1
428,-1,422,79,125.53,284.85,45.413,-1,-1,-1
428,-1,164,149,56.877,129.07,42.314,-1,-1,-1
428,-1,112,149,56.877,129.07,20.656,-1,-1,-1
428,-1,241,181,30.847,69.999,18.621,-1,-1,-1
429,-1,383,98,125.53,284.85,45.045,-1,-1,-1
429,-1,166,153,52,118,33.358,-1,-1,-1
429,-1,236,181,30.847,69.999,21.882,-1,-1,-1
429,-1,103,149,56.877,129.07,10.53,-1,-1,-1
430,-1,158,161,52,118,34.498,-1,-1,-1
430,-1,226,181,30.847,69.999,20.629,-1,-1,-1
430,-1,103,149,56.877,129.07,19.969,-1,-1,-1
430,-1,364,118,125.53,284.85,14.355,-1,-1,-1
431,-1,158,153,52,118,33.176,-1,-1,-1
431,-1,370,175,86.667,196.67,30.39,-1,-1,-1
431,-1,103,149,56.877,129.07,22.693,-1,-1,-1
431,-1,226,181,30.847,69.999,14.472,-1,-1,-1
431,-1,389,104,94.545,214.55,2.1246,-1,-1,-1
432,-1,160,163,47.893,108.68,30.793,-1,-1,-1
432,-1,102,161,52,118,17.897,-1,-1,-1
432,-1,357,175,86.667,196.67,11.533,-1,-1,-1
432,-1,222,176,30.847,69.999,6.6722,-1,-1,-1
432,-1,364,66,104,236,3.9301,-1,-1,-1
433,-1,153,163,47.893,108.68,35.215,-1,-1,-1
433,-1,325,79,125.53,284.85,21.233,-1,-1,-1
433,-1,215,176,33.548,76.129,6.9327,-1,-1,-1
434,-1,153,163,47.893,108.68,39.723,-1,-1,-1
434,-1,217,184,28.326,64.279,35.462,-1,-1,-1
434,-1,94,153,52,118,22.098,-1,-1,-1
434,-1,317,175,86.667,196.67,7.7104,-1,-1,-1
435,-1,145,156,47.893,108.68,30.156,-1,-1,-1
435,-1,212,181,30.847,69.999,26.39,-1,-1,-1
435,-1,302,162,94.545,214.55,6.1389,-1,-1,-1
436,-1,142,153,52,118,48.052,-1,-1,-1
436,-1,207,176,30.847,69.999,28.823,-1,-1,-1
437,-1,203,176,30.847,69.999,37.317,-1,-1,-1
437,-1,138,141,56.877,129.07,32.024,-1,-1,-1
437,-1,86,153,52,118,15.6,-1,-1,-1
438,-1,138,156,47.893,108.68,29.502,-1,-1,-1
438,-1,538,98,125.53,284.85,19.324,-1,-1,-1
438,-1,78,145,52,118,18.863,-1,-1,-1
439,-1,134,153,52,118,31.4,-1,-1,-1
439,-1,23,282,86.667,196.67,13.022,-1,-1,-1
439,-1,344,97,47.893,108.68,1.1466,-1,-1,-1
440,-1,538,98,125.53,284.85,23.473,-1,-1,-1
440,-1,22,285,80,181.54,18.582,-1,-1,-1
440,-1,337,104,47.893,108.68,12.574,-1,-1,-1
441,-1,267,79,125.53,284.85,38.026,-1,-1,-1
441,-1,519,98,125.53,284.85,18.827,-1,-1,-1
442,-1,267,79,125.53,284.85,44.13,-1,-1,-1
442,-1,392,243,30.847,69.999,23.4,-1,-1,-1
442,-1,519,79,125.53,284.85,6.4474,-1,-1,-1
443,-1,247,79,125.53,284.85,57.897,-1,-1,-1
444,-1,247,79,125.53,284.85,65.032,-1,-1,-1
444,-1,476,146,104,236,26.134,-1,-1,-1
444,-1,185,176,33.548,76.129,25.896,-1,-1,-1
445,-1,247,79,125.53,284.85,70.864,-1,-1,-1
445,-1,188,181,30.847,69.999,35.959,-1,-1,-1
445,-1,140,163,43.854,99.515,15.84,-1,-1,-1
445,-1,476,162,94.545,214.55,13.388,-1,-1,-1
446,-1,247,79,125.53,284.85,57.224,-1,-1,-1
446,-1,138,163,47.893,108.68,31.095,-1,-1,-1
446,-1,86,153,52,118,12.678,-1,-1,-1
446,-1,480,98,125.53,284.85,10.854,-1,-1,-1
447,-1,228,79,125.53,284.85,50.494,-1,-1,-1
447,-1,142,161,52,118,39.541,-1,-1,-1
447,-1,34,260,80,181.54,30.701,-1,-1,-1
447,-1,460,146,104,236,20.898,-1,-1,-1
448,-1,228,79,125.53,284.85,53.271,-1,-1,-1
448,-1,138,163,47.893,108.68,38.445,-1,-1,-1
448,-1,199,184,28.326,64.279,30.561,-1,-1,-1
448,-1,37,255,86.667,196.67,22.224,-1,-1,-1
448,-1,460,146,104,236,12.145,-1,-1,-1
449,-1,228,98,125.53,284.85,47.414,-1,-1,-1
449,-1,142,161,52,118,43.952,-1,-1,-1
449,-1,198,181,30.847,69.999,38.604,-1,-1,-1
449,-1,37,255,86.667,196.67,21.72,-1,-1,-1
450,-1,228,98,125.53,284.85,58.006,-1,-1,-1
450,-1,153,163,47.893,108.68,49.835,-1,-1,-1
450,-1,110,153,52,118,26.687,-1,-1,-1
450,-1,207,181,30.847,69.999,26.021,-1,-1,-1
450,-1,63,268,86.667,196.67,23.156,-1,-1,-1
450,-1,480,98,125.53,284.85,18.906,-1,-1,-1
450,-1,347,221,26,59,15.438,-1,-1,-1
451,-1,228,98,125.53,284.85,57.996,-1,-1,-1
451,-1,158,161,52,118,42.703,-1,-1,-1
451,-1,77,268,86.667,196.67,40.759,-1,-1,-1
451,-1,349,210,43.854,99.515,25.163,-1,-1,-1
451,-1,212,181,30.847,69.999,20.328,-1,-1,-1
451,-1,118,161,52,118,16.661,-1,-1,-1
451,-1,480,98,125.53,284.85,13.819,-1,-1,-1
452,-1,228,98,125.53,284.85,68.673,-1,-1,-1
452,-1,355,216,40,90.769,54.898,-1,-1,-1
452,-1,95,272,80,181.54,32.446,-1,-1,-1
452,-1,166,161,52,118,30.625,-1,-1,-1
452,-1,126,163,43.854,99.515,28.428,-1,-1,-1
452,-1,480,118,125.53,284.85,18.995,-1,-1,-1
453,-1,228,79,125.53,284.85,64.363,-1,-1,-1
453,-1,108,260,80,181.54,32.459,-1,-1,-1
453,-1,175,163,47.893,108.68,31.623,-1,-1,-1
453,-1,480,98,125.53,284.85,26.563,-1,-1,-1
453,-1,368,216,40,90.769,25.718,-1,-1,-1
453,-1,355,221,26,59,7.6065,-1,-1,-1
454,-1,247,98,125.53,284.85,70.921,-1,-1,-1
454,-1,108,260,80,181.54,30.507,-1,-1,-1
454,-1,182,161,52,118,24.241,-1,-1,-1
454,-1,362,222,40,90.769,17.104,-1,-1,-1
454,-1,480,98,125.53,284.85,14.043,-1,-1,-1
455,-1,247,98,125.53,284.85,65.488,-1,-1,-1
455,-1,368,222,40,90.769,37.049,-1,-1,-1
455,-1,197,163,47.893,108.68,20.701,-1,-1,-1
455,-1,117,242,86.667,196.67,11.791,-1,-1,-1
456,-1,247,98,125.53,284.85,64.587,-1,-1,-1
456,-1,380,222,40,90.769,35.557,-1,-1,-1
456,-1,127,249,94.545,214.55,20.049,-1,-1,-1
456,-1,198,161,52,118,15.985,-1,-1,-1
456,-1,558,121,52,118,6.6652,-1,-1,-1
457,-1,267,79,125.53,284.85,47.524,-1,-1,-1
457,-1,382,224,43.854,99.515,42.472,-1,-1,-1
457,-1,143,268,86.667,196.67,22.666,-1,-1,-1
457,-1,499,98,125.53,284.85,15.952,-1,-1,-1
458,-1,267,79,125.53,284.85,57.437,-1,-1,-1
458,-1,143,268,86.667,196.67,39.365,-1,-1,-1
458,-1,497,139,112.01,254.17,19.06,-1,-1,-1
459,-1,290,88,112.01,254.17,51.92,-1,-1,-1
459,-1,157,268,86.667,196.67,19.172,-1,-1,-1
459,-1,497,139,112.01,254.17,14.855,-1,-1,-1
459,-1,255,105,112.01,254.17,2.0738,-1,-1,-1
460,-1,290,88,112.01,254.17,49.722,-1,-1,-1
460,-1,156,249,94.545,214.55,19.602,-1,-1,-1
460,-1,480,118,125.53,284.85,17.394,-1,-1,-1
461,-1,286,79,125.53,284.85,48.177,-1,-1,-1
461,-1,156,249,94.545,214.55,14.21,-1,-1,-1
461,-1,273,188,28.326,64.279,12.965,-1,-1,-1
461,-1,492,162,104,236,12.379,-1,-1,-1
462,-1,286,79,125.53,284.85,54.313,-1,-1,-1
462,-1,171,249,94.545,214.55,19.197,-1,-1,-1
463,-1,286,98,125.53,284.85,35.267,-1,-1,-1
463,-1,171,264,94.545,214.55,17.911,-1,-1,-1
463,-1,236,181,36.769,83.436,14.886,-1,-1,-1
463,-1,503,228,86.667,196.67,13.419,-1,-1,-1
464,-1,267,79,125.53,284.85,37.738,-1,-1,-1
464,-1,171,264,94.545,214.55,20.049,-1,-1,-1
464,-1,236,187,36.769,83.436,12.296,-1,-1,-1
464,-1,480,137,125.53,284.85,10.662,-1,-1,-1
465,-1,267,79,125.53,284.85,47.026,-1,-1,-1
465,-1,183,282,86.667,196.67,18.851,-1,-1,-1
465,-1,388,222,47.893,108.68,13.059,-1,-1,-1
466,-1,267,79,125.53,284.85,40.526,-1,-1,-1
466,-1,387,229,26,59,38.818,-1,-1,-1
466,-1,236,181,36.769,83.436,23.396,-1,-1,-1
466,-1,171,264,94.545,214.55,12.952,-1,-1,-1
466,-1,37,268,86.667,196.67,1.2076,-1,-1,-1
467,-1,396,224,43.854,99.515,50.523,-1,-1,-1
467,-1,267,79,125.53,284.85,33.851,-1,-1,-1
467,-1,183,268,86.667,196.67,19.447,-1,-1,-1
467,-1,236,181,36.769,83.436,12.857,-1,-1,-1
468,-1,267,79,125.53,284.85,26.273,-1,-1,-1
468,-1,389,224,43.854,99.515,21.495,-1,-1,-1
468,-1,185,249,94.545,214.55,11.084,-1,-1,-1
468,-1,403,231,43.854,99.515,2.348,-1,-1,-1
469,-1,267,60,125.53,284.85,17.83,-1,-1,-1
469,-1,197,268,86.667,196.67,16.442,-1,-1,-1
469,-1,396,224,43.854,99.515,11.175,-1,-1,-1
470,-1,251,209,26,59,18.523,-1,-1,-1
470,-1,334,89,52,118,16.436,-1,-1,-1
470,-1,403,222,47.893,108.68,11.082,-1,-1,-1
470,-1,386,227,28.326,64.279,3.4574,-1,-1,-1
471,-1,267,60,125.53,284.85,31.858,-1,-1,-1
471,-1,391,229,26,59,31.605,-1,-1,-1
471,-1,403,224,43.854,99.515,30.675,-1,-1,-1
472,-1,267,60,125.53,284.85,30.166,-1,-1,-1
473,-1,399,221,26,59,28.016,-1,-1,-1
473,-1,267,60,125.53,284.85,25.557,-1,-1,-1
473,-1,411,139,112.01,254.17,24.905,-1,-1,-1
474,-1,267,60,125.53,284.85,22.576,-1,-1,-1
474,-1,200,249,94.545,214.55,11.608,-1,-1,-1
474,-1,412,162,104,236,5.6638,-1,-1,-1
475,-1,267,60,125.53,284.85,31.384,-1,-1,-1
475,-1,399,225,26,59,7.629,-1,-1,-1
475,-1,204,242,104,236,5.5556,-1,-1,-1
476,-1,267,60,125.53,284.85,34.31,-1,-1,-1
476,-1,215,264,94.545,214.55,3.8836,-1,-1,-1
477,-1,267,60,125.53,284.85,38.105,-1,-1,-1
478,-1,290,71,112.01,254.17,22.515,-1,-1,-1
479,-1,267,79,125.53,284.85,32.345,-1,-1,-1
479,-1,223,282,86.667,196.67,26.123,-1,-1,-1
480,-1,267,60,125.53,284.85,30.562,-1,-1,-1
480,-1,231,297,80,181.54,9.0475,-1,-1,-1
481,-1,231,285,80,181.54,22.862,-1,-1,-1
481,-1,267,79,125.53,284.85,16.605,-1,-1,-1
482,-1,247,60,125.53,284.85,19.046,-1,-1,-1
483,-1,247,60,125.53,284.85,17.907,-1,-1,-1
483,-1,127,264,94.545,214.55,0.51174,-1,-1,-1
484,-1,228,79,125.53,284.85,15.921,-1,-1,-1
484,-1,492,82,104,236,13.677,-1,-1,-1
484,-1,376,156,112.01,254.17,2.8228,-1,-1,-1
485,-1,238,88,112.01,254.17,21.676,-1,-1,-1
485,-1,329,197,33.548,76.129,12.331,-1,-1,-1
485,-1,380,162,104,236,3.303,-1,-1,-1
486,-1,238,71,112.01,254.17,29.09,-1,-1,-1
486,-1,391,223,80,181.54,24.277,-1,-1,-1
486,-1,480,79,125.53,284.85,14.467,-1,-1,-1
487,-1,236,82,104,236,40.206,-1,-1,-1
487,-1,489,207,74.286,168.57,25.207,-1,-1,-1
487,-1,383,215,86.667,196.67,10.677,-1,-1,-1
487,-1,355,204,43.854,99.515,0.94534,-1,-1,-1
488,-1,244,75,94.545,214.55,47.536,-1,-1,-1
488,-1,477,202,86.667,196.67,9.8293,-1,-1,-1
489,-1,255,88,80,181.54,36.83,-1,-1,-1
489,-1,461,98,125.53,284.85,15.577,-1,-1,-1
489,-1,89,299,74.286,168.57,-0.33601,-1,-1,-1
490,-1,265,88,62.22,141.19,24.668,-1,-1,-1
490,-1,256,302,28.326,64.279,6.5132,-1,-1,-1
491,-1,260,85,68.041,154.4,21.028,-1,-1,-1
491,-1,452,198,80,181.54,5.9415,-1,-1,-1
491,-1,255,305,26,59,4.3489,-1,-1,-1
492,-1,260,85,68.041,154.4,21.79,-1,-1,-1
493,-1,244,75,94.545,214.55,24.907,-1,-1,-1
494,-1,229,89,94.545,214.55,26.917,-1,-1,-1
494,-1,134,112,40,90.769,12.828,-1,-1,-1
494,-1,339,253,26,59,4.4472,-1,-1,-1
495,-1,236,66,104,236,30.184,-1,-1,-1
495,-1,441,137,125.53,284.85,7.1244,-1,-1,-1
496,-1,221,71,112.01,254.17,24.93,-1,-1,-1
496,-1,335,233,30.847,69.999,18.66,-1,-1,-1
497,-1,236,66,104,236,31.676,-1,-1,-1
497,-1,343,236,28.326,64.279,8.8895,-1,-1,-1
498,-1,238,71,112.01,254.17,17.823,-1,-1,-1
498,-1,460,98,104,236,11.71,-1,-1,-1
499,-1,221,71,112.01,254.17,29.24,-1,-1,-1
500,-1,221,71,112.01,254.17,29.205,-1,-1,-1
500,-1,441,98,125.53,284.85,18.766,-1,-1,-1
501,-1,256,88,62.22,141.19,33.098,-1,-1,-1
501,-1,268,170,43.854,99.515,18.601,-1,-1,-1
501,-1,297,195,30.847,69.999,1.9665,-1,-1,-1
502,-1,262,89,52,118,11.91,-1,-1,-1
503,-1,461,98,125.53,284.85,8.9551,-1,-1,-1
504,-1,357,202,56.877,129.07,9.1769,-1,-1,-1
505,-1,335,229,30.847,69.999,9.3147,-1,-1,-1
506,-1,461,79,125.53,284.85,11.268,-1,-1,-1
506,-1,329,223,33.548,76.129,8.971,-1,-1,-1
507,-1,339,232,28.326,64.279,23.665,-1,-1,-1
508,-1,339,229,26,59,44.557,-1,-1,-1
509,-1,343,225,26,59,18.535,-1,-1,-1
513,-1,480,98,125.53,284.85,1.7164,-1,-1,-1
514,-1,489,211,80,181.54,20.487,-1,-1,-1
516,-1,480,98,125.53,284.85,8.805,-1,-1,-1
523,-1,208,60,125.53,284.85,15.112,-1,-1,-1
524,-1,208,60,125.53,284.85,21.772,-1,-1,-1
525,-1,208,79,125.53,284.85,14.655,-1,-1,-1
525,-1,314,171,47.893,108.68,7.3614,-1,-1,-1
526,-1,322,171,47.893,108.68,11.823,-1,-1,-1
526,-1,208,79,125.53,284.85,4.2154,-1,-1,-1
527,-1,228,79,125.53,284.85,22.989,-1,-1,-1
527,-1,143,212,33.548,76.129,-0.34579,-1,-1,-1
528,-1,228,79,125.53,284.85,11.301,-1,-1,-1
529,-1,313,88,62.22,141.19,16.375,-1,-1,-1
529,-1,131,208,47.893,108.68,15.614,-1,-1,-1
529,-1,342,190,43.854,99.515,5.098,-1,-1,-1
530,-1,302,74,68.041,154.4,13.77,-1,-1,-1
530,-1,116,208,47.893,108.68,13.436,-1,-1,-1
531,-1,110,201,52,118,19.82,-1,-1,-1
531,-1,318,89,52,118,14.001,-1,-1,-1
532,-1,303,78,62.22,141.19,15.849,-1,-1,-1
532,-1,102,209,52,118,4.4426,-1,-1,-1
533,-1,163,229,26,59,23.844,-1,-1,-1
533,-1,101,208,47.893,108.68,8.0991,-1,-1,-1
533,-1,70,201,52,118,4.3609,-1,-1,-1
534,-1,139,225,26,59,21.36,-1,-1,-1
534,-1,58,149,80,181.54,7.9807,-1,-1,-1
534,-1,296,80,56.877,129.07,7.1373,-1,-1,-1
535,-1,429,217,43.854,99.515,15.65,-1,-1,-1
535,-1,123,229,26,59,0.23989,-1,-1,-1
536,-1,118,169,52,118,6.7798,-1,-1,-1
537,-1,127,214,30.847,69.999,17.666,-1,-1,-1
538,-1,127,214,30.847,69.999,16.983,-1,-1,-1
539,-1,182,119,47.893,108.68,9.7928,-1,-1,-1
539,-1,120,190,43.854,99.515,7.7554,-1,-1,-1
540,-1,113,137,68.041,154.4,31.257,-1,-1,-1
540,-1,194,123,43.854,99.515,17.026,-1,-1,-1
541,-1,111,127,74.286,168.57,31.893,-1,-1,-1
541,-1,200,123,43.854,99.515,6.28,-1,-1,-1
542,-1,111,127,74.286,168.57,46.78,-1,-1,-1
543,-1,108,125,80,181.54,48.001,-1,-1,-1
543,-1,306,59,74.286,168.57,6.901,-1,-1,-1
543,-1,380,194,104,236,4.6665,-1,-1,-1
544,-1,108,125,80,181.54,46.93,-1,-1,-1
544,-1,380,194,104,236,16.68,-1,-1,-1
544,-1,323,64,68.041,154.4,11.989,-1,-1,-1
545,-1,95,125,80,181.54,37.437,-1,-1,-1
545,-1,333,64,68.041,154.4,19.608,-1,-1,-1
545,-1,160,224,30.847,69.999,11.926,-1,-1,-1
546,-1,100,127,74.286,168.57,37.825,-1,-1,-1
546,-1,351,59,74.286,168.57,30.616,-1,-1,-1
547,-1,363,47,74.286,168.57,35.396,-1,-1,-1
547,-1,103,108,86.667,196.67,32.54,-1,-1,-1
548,-1,103,108,86.667,196.67,40.274,-1,-1,-1
548,-1,375,53,68.041,154.4,12.242,-1,-1,-1
549,-1,103,108,86.667,196.67,32.549,-1,-1,-1
550,-1,90,108,86.667,196.67,35.258,-1,-1,-1
551,-1,84,89,94.545,214.55,34.582,-1,-1,-1
552,-1,69,104,94.545,214.55,34.496,-1,-1,-1
553,-1,60,98,104,236,18.791,-1,-1,-1
553,-1,261,156,43.854,99.515,11.252,-1,-1,-1
554,-1,44,98,104,236,30.152,-1,-1,-1
556,-1,28,98,104,236,15.105,-1,-1,-1
557,-1,440,125,36.769,83.436,8.9151,-1,-1,-1
558,-1,448,118,40,90.769,5.2232,-1,-1,-1
559,-1,140,98,104,236,10.367,-1,-1,-1
559,-1,22,174,80,181.54,3.1501,-1,-1,-1
560,-1,370,28,86.667,196.67,4.4879,-1,-1,-1
561,-1,354,26,80,181.54,14.339,-1,-1,-1
561,-1,185,170,36.769,83.436,12.242,-1,-1,-1
562,-1,357,28,86.667,196.67,15.818,-1,-1,-1
563,-1,366,26,80,181.54,26.31,-1,-1,-1
569,-1,207,116,68.041,154.4,4.9305,-1,-1,-1
573,-1,184,191,30.847,69.999,15.18,-1,-1,-1
575,-1,473,241,28.326,64.279,3.8652,-1,-1,-1
579,-1,515,237,56.877,129.07,24.375,-1,-1,-1
581,-1,214,161,52,118,3.1983,-1,-1,-1
582,-1,208,158,56.877,129.07,19.134,-1,-1,-1
583,-1,214,185,52,118,3.3076,-1,-1,-1
585,-1,206,177,52,118,8.7883,-1,-1,-1
586,-1,199,176,56.877,129.07,31.856,-1,-1,-1
587,-1,176,147,68.041,154.4,35.255,-1,-1,-1
587,-1,502,223,80,181.54,12.221,-1,-1,-1
588,-1,176,158,68.041,154.4,23.968,-1,-1,-1
589,-1,145,137,80,181.54,35.167,-1,-1,-1
590,-1,132,137,80,181.54,30.746,-1,-1,-1
591,-1,120,137,80,181.54,20.33,-1,-1,-1
591,-1,191,116,74.286,168.57,16.847,-1,-1,-1
591,-1,445,228,56.877,129.07,12.526,-1,-1,-1
592,-1,427,228,56.877,129.07,35.979,-1,-1,-1
592,-1,95,149,80,181.54,27.675,-1,-1,-1
594,-1,55,118,94.545,214.55,9.6347,-1,-1,-1
601,-1,175,209,26,59,7.0262,-1,-1,-1
601,-1,316,2,94.545,214.55,3.7419,-1,-1,-1
603,-1,330,2,86.667,196.67,1.4771,-1,-1,-1
611,-1,188,146,104,236,-0.47441,-1,-1,-1
612,-1,169,139,112.01,254.17,15.17,-1,-1,-1
612,-1,396,158,68.041,154.4,11.432,-1,-1,-1
613,-1,389,164,62.22,141.19,13.156,-1,-1,-1
614,-1,134,169,52,118,5.5401,-1,-1,-1
615,-1,360,16,94.545,214.55,7.5888,-1,-1,-1
615,-1,134,204,40,90.769,4.0583,-1,-1,-1
616,-1,172,114,104,236,26.514,-1,-1,-1
616,-1,122,155,62.22,141.19,23.271,-1,-1,-1
616,-1,389,2,94.545,214.55,2.1238,-1,-1,-1
617,-1,112,145,62.22,141.19,39.701,-1,-1,-1
617,-1,169,105,112.01,254.17,19.952,-1,-1,-1
618,-1,102,137,68.041,154.4,26.972,-1,-1,-1
618,-1,396,-30,104,236,2.4941,-1,-1,-1
619,-1,92,137,68.041,154.4,27.019,-1,-1,-1
621,-1,69,147,94.545,214.55,9.7555,-1,-1,-1
625,-1,151,122,112.01,254.17,0.37948,-1,-1,-1
626,-1,169,122,112.01,254.17,11.108,-1,-1,-1
627,-1,172,114,104,236,14.447,-1,-1,-1
628,-1,169,88,112.01,254.17,22.141,-1,-1,-1
629,-1,172,114,104,236,28.618,-1,-1,-1
630,-1,313,88,56.877,129.07,15.556,-1,-1,-1
630,-1,252,114,104,236,12.026,-1,-1,-1
630,-1,186,122,112.01,254.17,11.291,-1,-1,-1
632,-1,160,251,62.22,141.19,24.609,-1,-1,-1
632,-1,268,114,104,236,13.567,-1,-1,-1
634,-1,284,114,104,236,6.8509,-1,-1,-1
639,-1,99,225,112.01,254.17,-0.63989,-1,-1,-1
640,-1,284,98,104,236,4.5175,-1,-1,-1
643,-1,186,262,68.041,154.4,23.639,-1,-1,-1
643,-1,273,118,94.545,214.55,14.125,-1,-1,-1
644,-1,186,273,68.041,154.4,27.235,-1,-1,-1
644,-1,277,135,86.667,196.67,6.2514,-1,-1,-1
645,-1,273,118,94.545,214.55,17.488,-1,-1,-1
645,-1,186,262,68.041,154.4,10.856,-1,-1,-1
646,-1,271,161,74.286,168.57,7.5083,-1,-1,-1
647,-1,268,149,80,181.54,15.237,-1,-1,-1
647,-1,197,252,47.893,108.68,8.5592,-1,-1,-1
648,-1,268,149,80,181.54,13.483,-1,-1,-1
649,-1,197,252,47.893,108.68,14.58,-1,-1,-1
649,-1,203,150,74.286,168.57,5.0074,-1,-1,-1
650,-1,156,249,94.545,214.55,15.736,-1,-1,-1
650,-1,194,149,80,181.54,0.21307,-1,-1,-1
651,-1,236,114,104,236,9.9113,-1,-1,-1
652,-1,204,245,47.893,108.68,9.6114,-1,-1,-1
653,-1,177,265,40,90.769,14.328,-1,-1,-1
655,-1,175,252,47.893,108.68,13.897,-1,-1,-1
656,-1,167,259,47.893,108.68,10.662,-1,-1,-1
657,-1,255,137,80,181.54,9.8871,-1,-1,-1
658,-1,260,150,74.286,168.57,12.42,-1,-1,-1
659,-1,271,127,74.286,168.57,17.416,-1,-1,-1
660,-1,191,245,56.877,129.07,16.216,-1,-1,-1
660,-1,268,137,80,181.54,14.823,-1,-1,-1
661,-1,206,249,52,118,10.545,-1,-1,-1
662,-1,206,241,52,118,10.027,-1,-1,-1
662,-1,278,201,52,118,2.888,-1,-1,-1
663,-1,200,251,43.854,99.515,7.177,-1,-1,-1
664,-1,200,147,94.545,214.55,7.8937,-1,-1,-1
667,-1,268,137,80,181.54,14.191,-1,-1,-1
668,-1,219,245,47.893,108.68,16.71,-1,-1,-1
669,-1,219,237,47.893,108.68,30.523,-1,-1,-1
670,-1,211,230,47.893,108.68,15.481,-1,-1,-1
671,-1,294,150,74.286,168.57,7.6221,-1,-1,-1
672,-1,283,150,74.286,168.57,10.131,-1,-1,-1
673,-1,283,150,74.286,168.57,28.827,-1,-1,-1
673,-1,392,228,40,90.769,7.2785,-1,-1,-1
674,-1,372,232,36.769,83.436,14.168,-1,-1,-1
674,-1,283,150,74.286,168.57,9.1841,-1,-1,-1
674,-1,392,222,40,90.769,7.756,-1,-1,-1
675,-1,211,252,47.893,108.68,24.442,-1,-1,-1
675,-1,263,135,86.667,196.67,12.928,-1,-1,-1
676,-1,219,245,47.893,108.68,11.727,-1,-1,-1
677,-1,223,148,86.667,196.67,31.138,-1,-1,-1
677,-1,365,220,68.041,154.4,11.15,-1,-1,-1
678,-1,223,148,86.667,196.67,19.145,-1,-1,-1
678,-1,355,235,40,90.769,6.6205,-1,-1,-1
679,-1,268,149,80,181.54,22.741,-1,-1,-1
679,-1,362,241,40,90.769,13.626,-1,-1,-1
680,-1,355,247,40,90.769,12.163,-1,-1,-1
681,-1,354,231,68.041,154.4,1.3796,-1,-1,-1
682,-1,260,150,74.286,168.57,7.6043,-1,-1,-1
683,-1,206,149,80,181.54,5.1644,-1,-1,-1
684,-1,260,139,74.286,168.57,14.383,-1,-1,-1
685,-1,260,139,74.286,168.57,13.629,-1,-1,-1
686,-1,260,139,74.286,168.57,8.2314,-1,-1,-1
686,-1,78,193,52,118,3.5411,-1,-1,-1
687,-1,72,208,47.893,108.68,4.7796,-1,-1,-1
690,-1,51,229,26,59,22.944,-1,-1,-1
691,-1,39,229,26,59,1.3745,-1,-1,-1
692,-1,34,227,28.326,64.279,7.2814,-1,-1,-1
693,-1,329,211,80,181.54,7.9858,-1,-1,-1
694,-1,325,235,40,90.769,21.269,-1,-1,-1
694,-1,249,127,74.286,168.57,14.04,-1,-1,-1
694,-1,57,208,47.893,108.68,11.772,-1,-1,-1
695,-1,322,224,43.854,99.515,29.671,-1,-1,-1
695,-1,52,210,43.854,99.515,10.713,-1,-1,-1
698,-1,238,259,40,90.769,6.3383,-1,-1,-1
699,-1,241,251,43.854,99.515,14.834,-1,-1,-1
700,-1,241,258,43.854,99.515,19.875,-1,-1,-1
700,-1,69,147,94.545,214.55,13.042,-1,-1,-1
701,-1,63,162,86.667,196.67,38.431,-1,-1,-1
702,-1,44,130,104,236,43.204,-1,-1,-1
703,-1,37,175,86.667,196.67,34.039,-1,-1,-1
703,-1,241,265,43.854,99.515,8.1803,-1,-1,-1
704,-1,241,259,47.893,108.68,25.04,-1,-1,-1
704,-1,12,162,104,236,15.787,-1,-1,-1
705,-1,-4,162,104,236,21.719,-1,-1,-1
705,-1,241,252,47.893,108.68,16.954,-1,-1,-1
707,-1,248,244,43.854,99.515,10.453,-1,-1,-1
709,-1,258,205,94.545,214.55,4.8531,-1,-1,-1
711,-1,255,211,80,181.54,16.057,-1,-1,-1
716,-1,29,253,40,90.769,2.7472,-1,-1,-1
718,-1,270,225,52,118,11.718,-1,-1,-1
719,-1,238,259,40,90.769,17.787,-1,-1,-1
720,-1,241,244,43.854,99.515,20.966,-1,-1,-1
721,-1,238,241,40,90.769,12.628,-1,-1,-1
722,-1,238,241,40,90.769,0.65763,-1,-1,-1
723,-1,282,241,40,90.769,11.282,-1,-1,-1
723,-1,236,243,33.548,76.129,10.623,-1,-1,-1
724,-1,91,201,26,59,30.796,-1,-1,-1
724,-1,302,231,68.041,154.4,9.8221,-1,-1,-1
724,-1,237,139,74.286,168.57,4.8272,-1,-1,-1
725,-1,302,231,68.041,154.4,8.6163,-1,-1,-1
725,-1,237,139,74.286,168.57,4.3553,-1,-1,-1
726,-1,91,201,26,59,36.979,-1,-1,-1
727,-1,90,193,28.326,64.279,29.446,-1,-1,-1
728,-1,83,201,26,59,26.047,-1,-1,-1
729,-1,79,186,30.847,69.999,27.971,-1,-1,-1
730,-1,81,192,33.548,76.129,0.92757,-1,-1,-1
732,-1,70,200,30.847,69.999,13.525,-1,-1,-1
733,-1,67,193,36.769,83.436,36.156,-1,-1,-1
734,-1,61,198,36.769,83.436,37.068,-1,-1,-1
734,-1,215,147,94.545,214.55,1.9932,-1,-1,-1
735,-1,55,193,36.769,83.436,23.854,-1,-1,-1
735,-1,248,272,36.769,83.436,10.959,-1,-1,-1
736,-1,56,205,30.847,69.999,39.362,-1,-1,-1
737,-1,47,210,28.326,64.279,19.15,-1,-1,-1
738,-1,41,200,30.847,69.999,30.099,-1,-1,-1
738,-1,281,244,43.854,99.515,16.253,-1,-1,-1
738,-1,252,167,56.877,129.07,4.6627,-1,-1,-1
739,-1,33,187,36.769,83.436,21.498,-1,-1,-1
739,-1,252,167,56.877,129.07,9.1138,-1,-1,-1
739,-1,282,253,40,90.769,6.2536,-1,-1,-1
740,-1,30,197,33.548,76.129,38.933,-1,-1,-1
740,-1,252,167,56.877,129.07,9.7055,-1,-1,-1
741,-1,27,200,30.847,69.999,28.278,-1,-1,-1
741,-1,60,114,104,236,6.7675,-1,-1,-1
742,-1,18,200,30.847,69.999,19.34,-1,-1,-1
742,-1,215,254,33.548,76.129,7.2152,-1,-1,-1
745,-1,226,243,33.548,76.129,26.683,-1,-1,-1
745,-1,15,79,125.53,284.85,6.4309,-1,-1,-1
745,-1,157,235,80,181.54,0.90185,-1,-1,-1
748,-1,245,257,30.847,69.999,11.519,-1,-1,-1
749,-1,90,122,86.667,196.67,34.463,-1,-1,-1
750,-1,84,118,94.545,214.55,34.224,-1,-1,-1
750,-1,172,114,104,236,14.368,-1,-1,-1
751,-1,92,98,104,236,58.238,-1,-1,-1
752,-1,76,98,104,236,40.028,-1,-1,-1
752,-1,14,137,52,118,18.607,-1,-1,-1
752,-1,318,225,52,118,6.9932,-1,-1,-1
753,-1,76,98,104,236,40.555,-1,-1,-1
753,-1,170,79,125.53,284.85,14.781,-1,-1,-1
754,-1,76,98,104,236,22.246,-1,-1,-1
754,-1,29,167,40,90.769,13.431,-1,-1,-1
754,-1,170,98,125.53,284.85,10.825,-1,-1,-1
755,-1,76,82,104,236,35.201,-1,-1,-1
755,-1,29,167,40,90.769,18.547,-1,-1,-1
755,-1,186,122,112.01,254.17,11.013,-1,-1,-1
756,-1,65,88,112.01,254.17,22.468,-1,-1,-1
756,-1,204,130,104,236,18.655,-1,-1,-1
756,-1,32,156,43.854,99.515,5.714,-1,-1,-1
757,-1,204,130,104,236,19.531,-1,-1,-1
757,-1,53,60,125.53,284.85,14.511,-1,-1,-1
758,-1,34,60,125.53,284.85,17.065,-1,-1,-1
759,-1,337,222,47.893,108.68,10.278,-1,-1,-1
760,-1,127,189,26,59,26.775,-1,-1,-1
760,-1,227,232,62.22,141.19,2.3236,-1,-1,-1
761,-1,123,176,33.548,76.129,26.471,-1,-1,-1
762,-1,127,176,30.847,69.999,29.725,-1,-1,-1
762,-1,219,114,36.769,83.436,3.4757,-1,-1,-1
763,-1,122,167,30.847,69.999,30.696,-1,-1,-1
763,-1,84,159,36.769,83.436,14.438,-1,-1,-1
763,-1,48,148,40,90.769,12.503,-1,-1,-1
763,-1,179,141,26,59,6.1408,-1,-1,-1
763,-1,335,217,43.854,99.515,2.2684,-1,-1,-1
764,-1,85,161,40,90.769,26.791,-1,-1,-1
764,-1,158,145,52,118,26.078,-1,-1,-1
764,-1,122,172,30.847,69.999,23.814,-1,-1,-1
764,-1,208,79,125.53,284.85,18.36,-1,-1,-1
765,-1,156,149,56.877,129.07,34.371,-1,-1,-1
765,-1,121,184,28.326,64.279,25.322,-1,-1,-1
765,-1,304,245,28.326,64.279,9.6737,-1,-1,-1
766,-1,150,161,52,118,49.268,-1,-1,-1
766,-1,52,156,43.854,99.515,32,-1,-1,-1
766,-1,117,181,30.847,69.999,20.738,-1,-1,-1
766,-1,89,170,36.769,83.436,12.452,-1,-1,-1
766,-1,342,209,52,118,6.2722,-1,-1,-1
767,-1,129,149,56.877,129.07,36.049,-1,-1,-1
767,-1,78,167,40,90.769,9.5029,-1,-1,-1
767,-1,182,153,52,118,9.2327,-1,-1,-1
768,-1,52,156,43.854,99.515,25.952,-1,-1,-1
768,-1,293,229,30.847,69.999,21.569,-1,-1,-1
768,-1,173,149,56.877,129.07,19.329,-1,-1,-1
769,-1,174,161,52,118,52.183,-1,-1,-1
769,-1,48,161,40,90.769,17.834,-1,-1,-1
769,-1,72,167,40,90.769,15.558,-1,-1,-1
770,-1,170,145,62.22,141.19,34.711,-1,-1,-1
770,-1,54,145,52,118,29.674,-1,-1,-1
770,-1,102,161,52,118,13.375,-1,-1,-1
770,-1,327,238,36.769,83.436,5.2766,-1,-1,-1
771,-1,46,145,52,118,33.194,-1,-1,-1
771,-1,86,153,52,118,32.769,-1,-1,-1
771,-1,164,149,56.877,129.07,32.005,-1,-1,-1
771,-1,315,231,43.854,99.515,5.0193,-1,-1,-1
771,-1,283,243,30.847,69.999,4.975,-1,-1,-1
772,-1,77,141,56.877,129.07,43.709,-1,-1,-1
772,-1,160,145,62.22,141.19,36.5,-1,-1,-1
772,-1,312,235,40,90.769,4.9794,-1,-1,-1
773,-1,150,145,62.22,141.19,41.676,-1,-1,-1
773,-1,64,136,62.22,141.19,21.955,-1,-1,-1
774,-1,144,137,68.041,154.4,35.504,-1,-1,-1
774,-1,68,141,56.877,129.07,9.2791,-1,-1,-1
775,-1,144,137,68.041,154.4,31.518,-1,-1,-1
775,-1,204,114,104,236,18.452,-1,-1,-1
775,-1,59,149,56.877,129.07,6.3914,-1,-1,-1
776,-1,91,173,40,90.769,33.409,-1,-1,-1
776,-1,134,147,68.041,154.4,21.197,-1,-1,-1
776,-1,42,141,56.877,129.07,16.608,-1,-1,-1
776,-1,220,98,104,236,6.3371,-1,-1,-1
777,-1,85,173,40,90.769,34.266,-1,-1,-1
777,-1,208,79,125.53,284.85,27.747,-1,-1,-1
777,-1,134,147,68.041,154.4,26.592,-1,-1,-1
777,-1,29,127,68.041,154.4,3.2919,-1,-1,-1
778,-1,91,173,40,90.769,44.142,-1,-1,-1
778,-1,123,139,74.286,168.57,16.593,-1,-1,-1
778,-1,51,153,26,59,1.6222,-1,-1,-1
779,-1,97,179,40,90.769,37.26,-1,-1,-1
779,-1,26,145,62.22,141.19,30.219,-1,-1,-1
779,-1,329,222,47.893,108.68,12.501,-1,-1,-1
780,-1,93,170,43.854,99.515,38.615,-1,-1,-1
780,-1,26,145,62.22,141.19,22.164,-1,-1,-1
780,-1,120,125,80,181.54,12.76,-1,-1,-1
781,-1,117,122,86.667,196.67,20.612,-1,-1,-1
781,-1,236,130,104,236,18.172,-1,-1,-1
782,-1,220,130,104,236,29.777,-1,-1,-1
782,-1,113,118,94.545,214.55,21.771,-1,-1,-1
783,-1,236,130,104,236,45.374,-1,-1,-1
783,-1,98,118,94.545,214.55,26.6,-1,-1,-1
783,-1,70,153,52,118,20.485,-1,-1,-1
783,-1,328,224,43.854,99.515,7.307,-1,-1,-1
783,-1,7,158,56.877,129.07,3.7004,-1,-1,-1
784,-1,92,114,104,236,27.82,-1,-1,-1
784,-1,70,161,52,118,14.589,-1,-1,-1
784,-1,238,122,112.01,254.17,13.848,-1,-1,-1
784,-1,331,235,40,90.769,11.71,-1,-1,-1
785,-1,76,114,104,236,54.211,-1,-1,-1
785,-1,220,130,104,236,17.396,-1,-1,-1
785,-1,172,114,104,236,14.586,-1,-1,-1
786,-1,65,105,112.01,254.17,47.034,-1,-1,-1
787,-1,60,114,104,236,52.505,-1,-1,-1
788,-1,34,79,125.53,284.85,37.217,-1,-1,-1
789,-1,15,79,125.53,284.85,27.085,-1,-1,-1
789,-1,124,114,104,236,16.099,-1,-1,-1
789,-1,229,133,94.545,214.55,6.3078,-1,-1,-1
790,-1,204,206,28.326,64.279,23.545,-1,-1,-1
790,-1,108,114,104,236,23.478,-1,-1,-1
791,-1,199,210,28.326,64.279,15.389,-1,-1,-1
791,-1,98,118,94.545,214.55,12.594,-1,-1,-1
792,-1,188,210,30.847,69.999,32.159,-1,-1,-1
792,-1,73,98,125.53,284.85,27.826,-1,-1,-1
792,-1,221,206,28.326,64.279,12.581,-1,-1,-1
793,-1,179,202,33.548,76.129,12.781,-1,-1,-1
794,-1,179,192,33.548,76.129,20.727,-1,-1,-1
795,-1,174,205,30.847,69.999,35.576,-1,-1,-1
795,-1,204,197,28.326,64.279,14.102,-1,-1,-1
796,-1,169,198,36.769,83.436,38.844,-1,-1,-1
796,-1,128,197,33.548,76.129,9.4578,-1,-1,-1
797,-1,163,193,36.769,83.436,35.882,-1,-1,-1
797,-1,113,170,43.854,99.515,25.372,-1,-1,-1
798,-1,165,192,40,90.769,34.44,-1,-1,-1
798,-1,109,185,40,90.769,32.197,-1,-1,-1
798,-1,57,171,47.893,108.68,23.431,-1,-1,-1
798,-1,211,205,26,59,12.092,-1,-1,-1
799,-1,57,171,47.893,108.68,49.073,-1,-1,-1
799,-1,101,171,47.893,108.68,33.587,-1,-1,-1
799,-1,171,221,26,59,30.519,-1,-1,-1
799,-1,211,205,26,59,18.448,-1,-1,-1
800,-1,157,193,36.769,83.436,30.704,-1,-1,-1
800,-1,54,161,52,118,27.883,-1,-1,-1
800,-1,99,177,43.854,99.515,8.6194,-1,-1,-1
801,-1,167,221,26,59,40.138,-1,-1,-1
801,-1,50,171,47.893,108.68,33.748,-1,-1,-1
801,-1,193,195,30.847,69.999,28.254,-1,-1,-1
801,-1,146,179,40,90.769,12.61,-1,-1,-1
801,-1,207,195,30.847,69.999,8.4192,-1,-1,-1
802,-1,50,158,56.877,129.07,48.545,-1,-1,-1
802,-1,163,225,26,59,34.498,-1,-1,-1
802,-1,198,195,30.847,69.999,33.35,-1,-1,-1
803,-1,50,158,56.877,129.07,40.352,-1,-1,-1
803,-1,157,198,36.769,83.436,36.441,-1,-1,-1
803,-1,197,187,36.769,83.436,14.724,-1,-1,-1
804,-1,200,197,33.548,76.129,33.62,-1,-1,-1
804,-1,158,198,40,90.769,29.756,-1,-1,-1
804,-1,42,158,56.877,129.07,24.452,-1,-1,-1
805,-1,59,158,56.877,129.07,42.807,-1,-1,-1
805,-1,171,229,26,59,40.808,-1,-1,-1
805,-1,202,187,36.769,83.436,23.488,-1,-1,-1
806,-1,68,158,56.877,129.07,44.611,-1,-1,-1
806,-1,160,183,43.854,99.515,30.75,-1,-1,-1
806,-1,202,187,36.769,83.436,7.6834,-1,-1,-1
806,-1,220,114,104,236,7.3547,-1,-1,-1
807,-1,68,158,56.877,129.07,46.432,-1,-1,-1
807,-1,166,177,52,118,24.135,-1,-1,-1
807,-1,207,177,43.854,99.515,13.122,-1,-1,-1
808,-1,68,149,56.877,129.07,34.726,-1,-1,-1
808,-1,166,177,52,118,21.144,-1,-1,-1
808,-1,214,187,36.769,83.436,16.53,-1,-1,-1
809,-1,173,167,56.877,129.07,45.141,-1,-1,-1
809,-1,86,169,52,118,40.542,-1,-1,-1
809,-1,226,192,40,90.769,14.586,-1,-1,-1
810,-1,182,176,56.877,129.07,37.083,-1,-1,-1
810,-1,85,158,56.877,129.07,34.089,-1,-1,-1
810,-1,258,133,94.545,214.55,16.88,-1,-1,-1
810,-1,232,192,40,90.769,16.553,-1,-1,-1
811,-1,182,167,56.877,129.07,47.326,-1,-1,-1
811,-1,94,169,52,118,22.97,-1,-1,-1
811,-1,236,193,36.769,83.436,17.21,-1,-1,-1
812,-1,182,176,56.877,129.07,50.252,-1,-1,-1
812,-1,236,193,36.769,83.436,23.75,-1,-1,-1
812,-1,94,169,52,118,21.081,-1,-1,-1
813,-1,182,176,56.877,129.07,42.518,-1,-1,-1
813,-1,238,192,40,90.769,28.309,-1,-1,-1
813,-1,94,169,52,118,22.014,-1,-1,-1
813,-1,257,192,40,90.769,5.0379,-1,-1,-1
813,-1,50,137,68.041,154.4,2.4274,-1,-1,-1
814,-1,179,164,62.22,141.19,40.933,-1,-1,-1
814,-1,238,192,40,90.769,29.748,-1,-1,-1
814,-1,94,169,52,118,23.875,-1,-1,-1
814,-1,287,133,94.545,214.55,15.048,-1,-1,-1
814,-1,259,193,36.769,83.436,14.08,-1,-1,-1
815,-1,94,169,52,118,24.92,-1,-1,-1
815,-1,189,222,40,90.769,23.338,-1,-1,-1
815,-1,241,183,43.854,99.515,17.175,-1,-1,-1
815,-1,50,147,68.041,154.4,6.9813,-1,-1,-1
816,-1,94,169,52,118,17.036,-1,-1,-1
816,-1,355,235,40,90.769,15.297,-1,-1,-1
816,-1,31,127,74.286,168.57,11.915,-1,-1,-1
816,-1,238,192,40,90.769,9.3267,-1,-1,-1
817,-1,85,158,56.877,129.07,11.424,-1,-1,-1
817,-1,234,183,43.854,99.515,8.3576,-1,-1,-1
818,-1,227,183,43.854,99.515,24.078,-1,-1,-1
818,-1,85,167,56.877,129.07,10.405,-1,-1,-1
818,-1,22,185,52,118,3.3703,-1,-1,-1
818,-1,170,174,62.22,141.19,1.5319,-1,-1,-1
819,-1,226,178,47.893,108.68,26.227,-1,-1,-1
819,-1,157,150,74.286,168.57,9.7167,-1,-1,-1
819,-1,85,167,56.877,129.07,7.5114,-1,-1,-1
820,-1,214,169,52,118,10.745,-1,-1,-1
820,-1,167,224,43.854,99.515,9.5596,-1,-1,-1
821,-1,64,155,62.22,141.19,22.898,-1,-1,-1
821,-1,206,169,52,118,20.437,-1,-1,-1
822,-1,55,155,62.22,141.19,24.567,-1,-1,-1
822,-1,191,167,56.877,129.07,19.987,-1,-1,-1
822,-1,145,222,47.893,108.68,7.1803,-1,-1,-1
823,-1,189,164,62.22,141.19,22.366,-1,-1,-1
823,-1,50,147,68.041,154.4,13.767,-1,-1,-1
824,-1,98,133,94.545,214.55,21.998,-1,-1,-1
824,-1,45,164,62.22,141.19,15.763,-1,-1,-1
824,-1,182,167,56.877,129.07,15.565,-1,-1,-1
825,-1,103,148,86.667,196.67,30.949,-1,-1,-1
825,-1,36,164,62.22,141.19,21.64,-1,-1,-1
825,-1,179,155,62.22,141.19,19.882,-1,-1,-1
825,-1,226,176,56.877,129.07,2.8571,-1,-1,-1
826,-1,170,155,62.22,141.19,16.558,-1,-1,-1
826,-1,217,176,56.877,129.07,14.241,-1,-1,-1
826,-1,22,125,80,181.54,5.7016,-1,-1,-1
827,-1,155,158,68.041,154.4,30.679,-1,-1,-1
827,-1,60,130,104,236,28.025,-1,-1,-1
827,-1,18,147,68.041,154.4,5.0629,-1,-1,-1
828,-1,155,158,68.041,154.4,20.658,-1,-1,-1
828,-1,208,184,56.877,129.07,12.971,-1,-1,-1
829,-1,144,147,68.041,154.4,27.188,-1,-1,-1
829,-1,198,174,62.22,141.19,18.606,-1,-1,-1
830,-1,130,135,86.667,196.67,22.34,-1,-1,-1
830,-1,199,193,56.877,129.07,17.214,-1,-1,-1
831,-1,134,150,74.286,168.57,35.675,-1,-1,-1
832,-1,108,137,80,181.54,16.951,-1,-1,-1
833,-1,176,168,68.041,154.4,34.211,-1,-1,-1
833,-1,120,231,43.854,99.515,20.462,-1,-1,-1
834,-1,98,118,94.545,214.55,21.134,-1,-1,-1
834,-1,170,174,62.22,141.19,18.172,-1,-1,-1
835,-1,76,114,104,236,29.561,-1,-1,-1
835,-1,157,161,74.286,168.57,15.109,-1,-1,-1
836,-1,76,114,104,236,36.299,-1,-1,-1
836,-1,268,163,43.854,99.515,4.5405,-1,-1,-1
837,-1,317,122,86.667,196.67,11.119,-1,-1,-1
837,-1,60,114,104,236,10.281,-1,-1,-1
837,-1,298,192,33.548,76.129,7.2193,-1,-1,-1
837,-1,155,158,68.041,154.4,6.4598,-1,-1,-1

