1,-1,428,98,104,236,117.87,4.13165,1.86548,0
1,-1,332,82,104,236,108.56,5.13248,3.32803,0
1,-1,172,82,104,236,86.876,4.74369,4.61071,0
1,-1,84,104,94.545,214.55,64.757,4.45954,5.34498,0
1,-1,557,82,86.667,196.67,57.068,9.38632,3.51115,0
1,-1,506,115,56.877,129.07,52.409,14.3846,6.96685,0
2,-1,428,98,104,236,116.05,4.13165,1.86548,0
2,-1,332,82,104,236,99.034,5.13248,3.32803,0
2,-1,172,82,104,236,97.914,4.74369,4.61071,0
2,-1,69,104,94.545,214.55,90.341,4.40947,5.46301,0
2,-1,563,88,80,181.54,58.216,10.5301,4.05489,0
2,-1,506,115,56.877,129.07,56.975,14.3846,6.96685,0
3,-1,172,82,104,236,116.71,4.74369,4.61071,0
3,-1,428,98,104,236,106.01,4.13165,1.86548,0
3,-1,345,89,94.545,214.55,94.03,6.42452,4.05587,0
3,-1,69,104,94.545,214.55,85.539,4.40947,5.46301,0
3,-1,557,82,86.667,196.67,61.268,9.38632,3.51115,0
3,-1,510,121,52,118,55.393,15.3541,7.46316,0
3,-1,375,104,94.545,214.55,17.815,5.20755,3.01814,0
3,-1,323,157,26,59,9.6714,20.7198,13.9684,0
4,-1,185,89,94.545,214.55,121.72,6.03629,5.45589,0
4,-1,428,98,104,236,94.894,4.13165,1.86548,0
4,-1,348,82,104,236,91.945,5.16485,3.19783,0
4,-1,77,122,86.667,196.67,76.143,4.42294,5.43155,0
4,-1,557,82,86.667,196.67,68.054,9.38632,3.51115,0
4,-1,498,115,56.877,129.07,56.818,14.3738,7.07369,0
4,-1,156,75,94.545,214.55,23.72,7.3301,6.71768,0
5,-1,348,82,104,236,105.75,5.16485,3.19783,0
5,-1,447,89,94.545,214.55,98.762,6.61135,3.14606,0
5,-1,185,89,94.545,214.55,94.633,6.03629,5.45589,0
5,-1,557,82,86.667,196.67,83.07,9.38632,3.51115,0
5,-1,63,122,86.667,196.67,68.057,4.37541,5.54167,0
5,-1,157,75,80,181.54,32.224,11.6194,9.94964,0
5,-1,418,104,94.545,214.55,26.624,5.28506,2.66452,0
5,-1,506,106,56.877,129.07,19.363,16.179,7.93946,0
6,-1,342,88,112.01,254.17,105.05,3.45726,2.16082,0
6,-1,447,104,94.545,214.55,94.427,5.33304,2.42415,0
6,-1,188,82,104,236,93.284,4.78812,4.48376,0
6,-1,557,82,86.667,196.67,87.34,9.38632,3.51115,0
6,-1,63,122,86.667,196.67,66.14,4.37541,5.54167,0
6,-1,157,75,80,181.54,47.945,11.6194,9.94964,0
6,-1,418,89,94.545,214.55,18.181,6.56269,3.40646,0
7,-1,348,82,104,236,106.42,5.16485,3.19783,0
7,-1,188,82,104,236,103.08,4.78812,4.48376,0
7,-1,447,104,94.545,214.55,97.324,5.33304,2.42415,0
7,-1,557,82,86.667,196.67,83.535,9.38632,3.51115,0
7,-1,157,75,80,181.54,54.017,11.6194,9.94964,0
7,-1,40,104,94.545,214.55,52.619,4.30922,5.69107,0
7,-1,380,98,104,236,43.543,4.04934,2.23098,0
7,-1,92,158,68.041,154.4,1.5494,4.92609,5.76235,0
8,-1,360,104,94.545,214.55,103.04,5.17867,3.14074,0
8,-1,200,104,94.545,214.55,98.061,4.80716,4.42814,0
8,-1,543,82,86.667,196.67,88.849,9.36873,3.65969,0
8,-1,444,82,104,236,88.104,5.33622,2.40752,0
8,-1,40,104,94.545,214.55,61.968,4.30922,5.69107,0
8,-1,170,97,62.22,141.19,60.091,14.9332,12.3264,0
8,-1,412,98,104,236,9.8086,4.10525,1.98779,0
8,-1,570,68,86.667,196.67,2.9652,11.231,4.28634,0
9,-1,364,82,104,236,110.23,5.19611,3.06722,0
9,-1,444,82,104,236,94.363,5.33622,2.40752,0
9,-1,200,104,94.545,214.55,88.769,4.80716,4.42814,0
9,-1,543,82,86.667,196.67,82.313,9.36873,3.65969,0
9,-1,37,108,86.667,196.67,62.996,5.45633,6.69936,0
9,-1,157,75,80,181.54,55.234,11.6194,9.94964,0
9,-1,229,118,94.545,214.55,22.871,3.85071,3.48585,0
10,-1,364,82,104,236,111.94,5.19611,3.06722,0
10,-1,223,122,86.667,196.67,93.622,4.85761,4.27693,0
10,-1,444,82,104,236,84.507,5.33622,2.40752,0
10,-1,25,104,94.545,214.55,83.421,4.25558,5.809,0
10,-1,543,82,86.667,196.67,75.752,9.36873,3.65969,0
10,-1,169,81,74.286,168.57,49.8,12.8253,10.7022,0
10,-1,197,135,86.667,196.67,39.675,3.82646,3.80056,0
11,-1,364,82,104,236,107.13,5.19611,3.06722,0
11,-1,223,122,86.667,196.67,95.229,4.85761,4.27693,0
11,-1,445,71,112.01,254.17,81.977,4.80709,2.06461,0
11,-1,543,82,86.667,196.67,73.733,9.36873,3.65969,0
11,-1,25,89,94.545,214.55,70.515,5.51744,6.8423,0
11,-1,170,97,62.22,141.19,46.2,14.9332,12.3264,0
11,-1,396,98,104,236,11.45,4.07782,2.10963,0
12,-1,375,89,94.545,214.55,97.603,6.48409,3.78998,0
12,-1,460,82,104,236,81.119,5.36113,2.27417,0
12,-1,231,125,80,181.54,78.128,5.87248,4.93014,0
12,-1,543,82,86.667,196.67,75.688,9.36873,3.65969,0
12,-1,12,98,104,236,59.113,3.07171,4.92014,0
12,-1,157,75,80,181.54,42.951,11.6194,9.94964,0
12,-1,404,104,94.545,214.55,12.319,5.26067,2.78001,0
12,-1,255,137,80,181.54,4.9113,4.93123,4.04539,0
13,-1,460,82,104,236,94.912,5.36113,2.27417,0
13,-1,375,89,94.545,214.55,94.043,6.48409,3.78998,0
13,-1,229,104,94.545,214.55,75.177,4.88345,4.19719,0
13,-1,11,104,94.545,214.55,65.243,4.2044,5.91907,0
13,-1,543,82,86.667,196.67,61.984,9.36873,3.65969,0
13,-1,157,75,80,181.54,47.1,11.6194,9.94964,0
13,-1,404,104,94.545,214.55,19.45,5.26067,2.78001,0
13,-1,514,137,80,181.54,14.294,5.42182,1.92174,0
14,-1,237,108,86.667,196.67,98.135,6.07486,4.97604,0
14,-1,462,104,94.545,214.55,96.261,5.35654,2.29921,0
14,-1,375,89,94.545,214.55,95.436,6.48409,3.78998,0
14,-1,538,88,80,181.54,52.063,10.4987,4.33556,0
14,-1,-4,98,104,236,50.441,3.01389,5.03429,0
14,-1,157,75,80,181.54,49.006,11.6194,9.94964,0
14,-1,503,122,86.667,196.67,26.39,5.41077,1.98914,0
14,-1,210,135,86.667,196.67,11.169,3.86101,3.70437,0
14,-1,410,122,86.667,196.67,10.701,5.26421,2.76353,0
15,-1,237,108,86.667,196.67,98.514,6.07486,4.97604,0
15,-1,380,82,104,236,98.061,5.22627,2.93619,0
15,-1,462,104,94.545,214.55,77.356,5.35654,2.29921,0
15,-1,174,97,52,118,55.951,20.8416,16.6876,0
15,-1,-4,98,104,236,52.976,3.01389,5.03429,0
15,-1,530,82,86.667,196.67,48.202,9.35178,3.79729,0
15,-1,491,118,94.545,214.55,18.14,4.3575,1.49282,0
15,-1,348,66,104,236,3.652,6.53282,4.04187,0
15,-1,185,170,36.769,83.436,3.6242,12.1281,10.2362,0
16,-1,380,82,104,236,112.28,5.22627,2.93619,0
16,-1,476,82,104,236,84.069,5.38504,2.14032,0
16,-1,237,108,86.667,196.67,82.986,6.07486,4.97604,0
16,-1,174,97,52,118,54.341,20.8416,16.6876,0
16,-1,530,82,86.667,196.67,47.803,9.35178,3.79729,0
16,-1,11,104,94.545,214.55,43.2,4.2044,5.91907,0
16,-1,444,98,104,236,42.803,4.15704,1.74267,0
16,-1,591,109,43.854,99.515,19.559,23.5095,10.4316,0
17,-1,380,82,104,236,101.48,5.22627,2.93619,0
17,-1,476,82,104,236,75.385,5.38504,2.14032,0
17,-1,244,89,94.545,214.55,72.009,6.19382,4.94252,0
17,-1,165,85,68.041,154.4,54.06,14.7199,12.2025,0
17,-1,538,75,80,181.54,47.393,12.3856,5.3135,0
17,-1,-20,98,104,236,46.592,2.95471,5.14837,0
17,-1,444,98,104,236,23.662,4.15704,1.74267,0
17,-1,591,109,43.854,99.515,8.2607,23.5095,10.4316,0
18,-1,380,82,104,236,106.53,5.22627,2.93619,0
18,-1,244,89,94.545,214.55,76.211,6.19382,4.94252,0
18,-1,476,82,104,236,70.036,5.38504,2.14032,0
18,-1,165,85,68.041,154.4,55.678,14.7199,12.2025,0
18,-1,-20,98,104,236,45.61,2.95471,5.14837,0
18,-1,538,88,80,181.54,43.139,10.4987,4.33556,0
18,-1,433,104,94.545,214.55,26.522,5.3103,2.54039,0
18,-1,585,106,56.877,129.07,17.697,16.2695,6.80123,0
19,-1,380,82,104,236,106.84,5.22627,2.93619,0
19,-1,492,82,104,236,80.485,5.40797,2.00597,0
19,-1,250,108,86.667,196.67,73.979,6.10793,4.86336,0
19,-1,165,85,68.041,154.4,48.984,14.7199,12.2025,0
19,-1,-18,104,94.545,214.55,35.198,4.09492,6.14717,0
19,-1,433,104,94.545,214.55,32.524,5.3103,2.54039,0
19,-1,585,106,56.877,129.07,22.697,16.2695,6.80123,0
20,-1,380,82,104,236,103.65,5.22627,2.93619,0
20,-1,492,82,104,236,88.643,5.40797,2.00597,0
20,-1,244,104,94.545,214.55,79.227,4.92131,4.07738,0
20,-1,174,97,52,118,50.557,20.8416,16.6876,0
20,-1,-17,122,86.667,196.67,27.458,4.08333,6.17078,0
20,-1,412,98,104,236,24.287,4.10525,1.98779,0
20,-1,585,106,56.877,129.07,21.21,16.2695,6.80123,0
20,-1,177,161,40,90.769,6.717,12.4509,10.5626,0
20,-1,366,186,80,181.54,3.727,2.03004,1.21722,0
21,-1,396,82,104,236,102.62,5.25534,2.80471,0
21,-1,492,82,104,236,91.963,5.40797,2.00597,0
21,-1,260,104,74.286,168.57,73.828,9.58192,7.17128,0
21,-1,174,97,52,118,49.24,20.8416,16.6876,0
21,-1,283,127,74.286,168.57,42.912,7.02787,5.19477,0
21,-1,-17,122,86.667,196.67,21.306,4.08333,6.17078,0
21,-1,428,98,104,236,14.892,4.13165,1.86548,0
22,-1,396,82,104,236,111.09,5.25534,2.80471,0
22,-1,492,82,104,236,107.34,5.40797,2.00597,0
22,-1,258,89,94.545,214.55,81.779,6.22867,4.82029,0
22,-1,165,85,68.041,154.4,48.997,14.7199,12.2025,0
22,-1,576,106,56.877,129.07,20.932,16.26,6.93113,0
22,-1,-9,171,47.893,108.68,10.314,7.79282,9.49611,0
23,-1,492,82,104,236,105.91,5.40797,2.00597,0
23,-1,396,82,104,236,97.288,5.25534,2.80471,0
23,-1,258,89,94.545,214.55,76.856,6.22867,4.82029,0
23,-1,165,85,68.041,154.4,50.309,14.7199,12.2025,0
23,-1,428,98,104,236,28.718,4.13165,1.86548,0
23,-1,574,113,52,118,22.975,17.133,7.43275,0
23,-1,608,114,28.326,64.279,2.8194,37.8455,17.3205,0
24,-1,412,82,104,236,113.03,5.28334,2.67278,0
24,-1,505,89,94.545,214.55,95.099,6.69867,2.6207,0
24,-1,263,108,86.667,196.67,73.228,6.14018,4.75052,0
24,-1,165,85,68.041,154.4,46.938,14.7199,12.2025,0
24,-1,535,104,94.545,214.55,28.897,5.45863,1.68483,0
24,-1,290,95,86.667,196.67,20.567,7.46516,5.3416,0
24,-1,11,265,26,59,6.9446,3.62317,5.80084,0
25,-1,412,82,104,236,117.53,5.28334,2.67278,0
25,-1,505,89,94.545,214.55,109.04,6.69867,2.6207,0
25,-1,273,89,94.545,214.55,68.799,6.26497,4.68911,0
25,-1,165,85,68.041,154.4,48.46,14.7199,12.2025,0
25,-1,582,121,52,118,31.677,15.4396,6.45969,0
25,-1,325,98,125.53,284.85,12.431,1.25487,0.877717,0
26,-1,412,82,104,236,119.51,5.28334,2.67278,0
26,-1,505,89,94.545,214.55,96.918,6.69867,2.6207,0
26,-1,273,89,94.545,214.55,69.531,6.26497,4.68911,0
26,-1,165,85,68.041,154.4,45.625,14.7199,12.2025,0
26,-1,535,104,94.545,214.55,24.996,5.45863,1.68483,0
27,-1,412,82,104,236,118.1,5.28334,2.67278,0
27,-1,508,82,104,236,105.1,5.42995,1.87111,0
27,-1,277,108,86.667,196.67,78.531,6.174,4.62881,0
27,-1,165,85,68.041,154.4,40.961,14.7199,12.2025,0
27,-1,325,98,125.53,284.85,11.577,1.25487,0.877717,0
27,-1,607,121,26,59,6.8296,36.5342,16.7251,0
28,-1,412,82,104,236,103.25,5.28334,2.67278,0
28,-1,508,82,104,236,99.634,5.42995,1.87111,0
28,-1,287,89,94.545,214.55,86.819,6.29788,4.56647,0
28,-1,165,85,68.041,154.4,34.331,14.7199,12.2025,0
28,-1,463,71,112.01,254.17,20.122,4.83445,1.91954,0
28,-1,258,104,94.545,214.55,10.853,4.95568,3.96531,0
29,-1,412,82,104,236,112.75,5.28334,2.67278,0
29,-1,508,82,104,236,87.068,5.42995,1.87111,0
29,-1,290,108,86.667,196.67,86.629,6.20457,4.51561,0
29,-1,165,85,68.041,154.4,38.875,14.7199,12.2025,0
29,-1,477,95,86.667,196.67,14.001,7.82362,3.55603,0
30,-1,412,82,104,236,103.38,5.28334,2.67278,0
30,-1,287,89,94.545,214.55,77.47,6.29788,4.56647,0
30,-1,508,82,104,236,74.903,5.42995,1.87111,0
30,-1,444,66,104,236,46.444,6.70673,3.17997,0
30,-1,165,95,68.041,154.4,42.663,12.8061,10.794,0
31,-1,433,89,94.545,214.55,104.3,6.58829,3.27195,0
31,-1,306,104,74.286,168.57,73.28,9.69098,6.67759,0
31,-1,508,82,104,236,67.047,5.42995,1.87111,0
31,-1,165,95,68.041,154.4,40.04,12.8061,10.794,0
31,-1,404,104,94.545,214.55,30.16,5.26067,2.78001,0
31,-1,599,185,26,59,25.64,14.48,5.92223,0
32,-1,433,89,94.545,214.55,98.12,6.58829,3.27195,0
32,-1,303,108,86.667,196.67,94.849,6.23434,4.40221,0
32,-1,524,82,104,236,73.14,5.45098,1.73573,0
32,-1,157,75,80,181.54,37.532,11.6194,9.94964,0
32,-1,476,89,94.545,214.55,17.148,6.65665,2.88416,0
33,-1,303,108,86.667,196.67,99.067,6.23434,4.40221,0
33,-1,428,82,104,236,95.148,5.3103,2.54039,0
33,-1,524,82,104,236,79.811,5.45098,1.73573,0
33,-1,165,85,68.041,154.4,37.682,14.7199,12.2025,0
33,-1,460,66,104,236,20.813,6.73202,3.03481,0
34,-1,428,82,104,236,107.76,5.3103,2.54039,0
34,-1,317,127,74.286,168.57,90.241,7.10652,4.88172,0
34,-1,524,82,104,236,84.317,5.45098,1.73573,0
34,-1,165,95,68.041,154.4,41.024,12.8061,10.794,0
34,-1,460,66,104,236,29.217,6.73202,3.03481,0
34,-1,300,193,47.893,108.68,10.751,6.45689,4.78501,0
35,-1,444,82,104,236,116.5,5.33622,2.40752,0
35,-1,317,112,80,181.54,103.08,7.31432,4.98303,0
35,-1,535,89,94.545,214.55,79.938,6.73884,2.34643,0
35,-1,165,95,68.041,154.4,41.789,12.8061,10.794,0
35,-1,412,66,104,236,24.253,6.65306,3.46894,0
36,-1,447,89,94.545,214.55,119.06,6.61135,3.14606,0
36,-1,317,108,86.667,196.67,96.379,6.26552,4.27987,0
36,-1,535,89,94.545,214.55,68.892,6.73884,2.34643,0
36,-1,418,104,94.545,214.55,42.516,5.28506,2.66452,0
36,-1,165,95,68.041,154.4,35.761,12.8061,10.794,0
36,-1,476,104,94.545,214.55,20.911,5.37767,2.1822,0
37,-1,447,89,94.545,214.55,122.11,6.61135,3.14606,0
37,-1,317,108,86.667,196.67,96.178,6.26552,4.27987,0
37,-1,535,89,94.545,214.55,64.704,6.73884,2.34643,0
37,-1,174,97,52,118,38.661,20.8416,16.6876,0
37,-1,305,186,80,181.54,17.838,1.91125,1.60902,0
37,-1,343,122,86.667,196.67,17.828,5.13659,3.31178,0
37,-1,182,149,47.893,108.68,13.354,11.4829,9.73448,0
37,-1,564,104,94.545,214.55,7.5505,5.49379,1.43775,0
38,-1,447,89,94.545,214.55,112.59,6.61135,3.14606,0
38,-1,329,112,80,181.54,89.267,7.34064,4.87085,0
38,-1,535,89,94.545,214.55,67.868,6.73884,2.34643,0
38,-1,157,75,80,181.54,36.849,11.6194,9.94964,0
38,-1,476,104,94.545,214.55,18.463,5.37767,2.1822,0
39,-1,447,89,94.545,214.55,102.31,6.61135,3.14606,0
39,-1,329,100,80,181.54,87.482,8.6449,5.69835,0
39,-1,540,82,104,236,57.744,5.47109,1.59982,0
39,-1,157,75,80,181.54,35.389,11.6194,9.94964,0
39,-1,476,104,94.545,214.55,14.072,5.37767,2.1822,0
39,-1,418,104,94.545,214.55,6.4904,5.28506,2.66452,0
40,-1,447,89,94.545,214.55,100.84,6.61135,3.14606,0
40,-1,330,95,86.667,196.67,93.401,7.55478,4.96335,0
40,-1,549,89,94.545,214.55,65.726,6.75647,2.21782,0
40,-1,157,75,80,181.54,34.867,11.6194,9.94964,0
40,-1,418,104,94.545,214.55,17.309,5.28506,2.66452,0
40,-1,476,104,94.545,214.55,16.167,5.37767,2.1822,0
41,-1,342,100,80,181.54,95.274,8.67263,5.56694,0
41,-1,462,89,94.545,214.55,91.447,6.6352,3.01079,0
41,-1,549,89,94.545,214.55,58.006,6.75647,2.21782,0
41,-1,433,104,94.545,214.55,47.858,5.3103,2.54039,0
41,-1,157,75,80,181.54,32.353,11.6194,9.94964,0
41,-1,366,112,80,181.54,14.141,7.41766,4.52391,0
41,-1,317,112,80,181.54,11.96,7.31432,4.98303,0
42,-1,343,95,86.667,196.67,96.33,7.58232,4.84007,0
42,-1,466,93,74.286,168.57,74.987,11.5165,5.80105,0
42,-1,549,89,94.545,214.55,70.25,6.75647,2.21782,0
42,-1,157,75,80,181.54,37.848,11.6194,9.94964,0
42,-1,443,171,28.326,64.279,26.927,16.0738,9.04761,0
42,-1,477,139,74.286,168.57,13.568,6.28339,2.76652,0
42,-1,436,109,43.854,99.515,9.7029,23.4097,13.3348,0
42,-1,520,104,94.545,214.55,7.6494,5.43926,1.81194,0
43,-1,343,95,86.667,196.67,90.66,7.58232,4.84007,0
43,-1,463,95,86.667,196.67,88.024,7.80187,3.69148,0
43,-1,540,82,104,236,64.618,5.47109,1.59982,0
43,-1,443,177,26,59,43.629,15.8596,8.93758,0
43,-1,174,97,52,118,32.969,20.8416,16.6876,0
43,-1,182,149,47.893,108.68,16.562,11.4829,9.73448,0
43,-1,490,108,86.667,196.67,15.538,6.58024,2.74391,0
44,-1,462,89,94.545,214.55,101.83,6.6352,3.01079,0
44,-1,343,95,86.667,196.67,78.748,7.58232,4.84007,0
44,-1,549,89,94.545,214.55,61.544,6.75647,2.21782,0
44,-1,433,75,94.545,214.55,41.722,7.9695,4.06238,0
44,-1,157,75,80,181.54,36.772,11.6194,9.94964,0
44,-1,517,108,86.667,196.67,27.857,6.61841,2.49947,0
44,-1,370,108,86.667,196.67,8.548,6.37552,3.81434,0
45,-1,462,89,94.545,214.55,104.7,6.6352,3.01079,0
45,-1,343,95,86.667,196.67,82.261,7.58232,4.84007,0
45,-1,557,108,86.667,196.67,62.656,6.67003,2.13469,0
45,-1,491,104,94.545,214.55,41.122,5.39949,2.05641,0
45,-1,433,75,94.545,214.55,40.311,7.9695,4.06238,0
45,-1,157,75,80,181.54,31.73,11.6194,9.94964,0
45,-1,378,112,80,181.54,22.741,7.44134,4.41103,0
46,-1,462,89,94.545,214.55,97.148,6.6352,3.01079,0
46,-1,357,95,86.667,196.67,89.081,7.61113,4.70708,0
46,-1,557,108,86.667,196.67,49.833,6.67003,2.13469,0
46,-1,440,167,30.847,69.999,48.397,15.8581,8.95186,0
46,-1,157,75,80,181.54,36.319,11.6194,9.94964,0
46,-1,503,108,86.667,196.67,36.2,6.59896,2.62639,0
47,-1,357,95,86.667,196.67,95.402,7.61113,4.70708,0
47,-1,476,89,94.545,214.55,84.92,6.65665,2.88416,0
47,-1,564,104,94.545,214.55,44.965,5.49379,1.43775,0
47,-1,428,66,104,236,43.874,6.68042,3.32468,0
47,-1,157,75,80,181.54,36.83,11.6194,9.94964,0
47,-1,383,108,86.667,196.67,23.665,6.4006,3.69953,0
47,-1,530,108,86.667,196.67,22.37,6.63583,2.38127,0
47,-1,345,162,94.545,214.55,15.146,1.55028,1.02545,0
48,-1,370,95,86.667,196.67,94.499,7.6371,4.58338,0
48,-1,476,89,94.545,214.55,93.227,6.65665,2.88416,0
48,-1,433,89,94.545,214.55,52.287,6.58829,3.27195,0
48,-1,556,82,104,236,37.871,5.49029,1.46339,0
48,-1,505,104,94.545,214.55,34.385,5.41908,1.9386,0
48,-1,343,108,86.667,196.67,32.686,6.32106,4.05198,0
48,-1,157,75,80,181.54,29.913,11.6194,9.94964,0
49,-1,370,95,86.667,196.67,101.35,7.6371,4.58338,0
49,-1,476,89,94.545,214.55,100.24,6.65665,2.88416,0
49,-1,433,89,94.545,214.55,49.132,6.58829,3.27195,0
49,-1,174,97,52,118,34.616,20.8416,16.6876,0
49,-1,505,104,94.545,214.55,29.76,5.41908,1.9386,0
49,-1,570,108,86.667,196.67,20.103,6.68558,2.01544,0
49,-1,171,189,26,59,18.308,12.9429,11.1247,0
49,-1,357,175,86.667,196.67,17.221,1.81343,1.12911,0
49,-1,191,189,26,59,14.31,12.9984,10.8593,0
50,-1,476,89,94.545,214.55,110.33,6.65665,2.88416,0
50,-1,370,95,86.667,196.67,99.373,7.6371,4.58338,0
50,-1,428,100,80,181.54,58.985,8.83732,4.69327,0
50,-1,505,104,94.545,214.55,39.45,5.41908,1.9386,0
50,-1,165,85,68.041,154.4,31.204,14.7199,12.2025,0
50,-1,564,89,94.545,214.55,25.091,6.77458,2.07958,0
50,-1,357,175,86.667,196.67,18.411,1.81343,1.12911,0
51,-1,491,89,94.545,214.55,110.74,6.67879,2.74809,0
51,-1,383,95,86.667,196.67,94.358,7.66233,4.45946,0
51,-1,428,100,80,181.54,83.588,8.83732,4.69327,0
51,-1,535,89,94.545,214.55,30.983,6.73884,2.34643,0
51,-1,174,97,52,118,28.902,20.8416,16.6876,0
51,-1,462,104,94.545,214.55,26.832,5.35654,2.29921,0
51,-1,191,193,26,59,9.4579,12.2994,10.3471,0
51,-1,360,162,94.545,214.55,6.2457,1.57759,0.932002,0
52,-1,491,89,94.545,214.55,115.34,6.67879,2.74809,0
52,-1,383,95,86.667,196.67,95.803,7.66233,4.45946,0
52,-1,431,93,74.286,168.57,83.31,11.4599,6.21086,0
52,-1,157,75,80,181.54,29.365,11.6194,9.94964,0
52,-1,564,89,94.545,214.55,24.875,6.77458,2.07958,0
52,-1,462,104,94.545,214.55,19.704,5.35654,2.29921,0
52,-1,520,75,94.545,214.55,6.3395,8.10128,3.20898,0
53,-1,505,89,94.545,214.55,101.13,6.69867,2.6207,0
53,-1,383,95,86.667,196.67,92.145,7.66233,4.45946,0
53,-1,410,82,86.667,196.67,71.084,9.16536,5.0544,0
53,-1,437,95,86.667,196.67,40.084,7.75941,3.94216,0
53,-1,476,104,94.545,214.55,36.561,5.37767,2.1822,0
53,-1,174,97,52,118,33.499,20.8416,16.6876,0
53,-1,187,156,43.854,99.515,13.546,11.8121,9.93213,0
53,-1,564,89,94.545,214.55,11.638,6.77458,2.07958,0
54,-1,505,89,94.545,214.55,101.7,6.69867,2.6207,0
54,-1,383,95,86.667,196.67,95.853,7.66233,4.45946,0
54,-1,410,82,86.667,196.67,62.959,9.16536,5.0544,0
54,-1,437,95,86.667,196.67,34.506,7.75941,3.94216,0
54,-1,174,97,52,118,28.403,20.8416,16.6876,0
54,-1,185,164,36.769,83.436,9.7934,13.1769,11.0055,0
55,-1,505,89,94.545,214.55,110.1,6.69867,2.6207,0
55,-1,397,95,86.667,196.67,93.762,7.68868,4.32575,0
55,-1,157,75,80,181.54,32.854,11.6194,9.94964,0
55,-1,440,100,80,181.54,15.947,8.85782,4.57064,0
56,-1,505,89,94.545,214.55,105.94,6.69867,2.6207,0
56,-1,397,95,86.667,196.67,98.19,7.68868,4.32575,0
56,-1,157,75,80,181.54,35.985,11.6194,9.94964,0
56,-1,423,108,86.667,196.67,26.014,6.47324,3.34461,0
57,-1,505,75,94.545,214.55,106.89,8.08062,3.35707,0
57,-1,397,95,86.667,196.67,102.25,7.68868,4.32575,0
57,-1,157,75,80,181.54,34.634,11.6194,9.94964,0
57,-1,535,89,94.545,214.55,29.471,6.73884,2.34643,0
57,-1,423,108,86.667,196.67,12.923,6.47324,3.34461,0
58,-1,397,95,86.667,196.67,111.93,7.68868,4.32575,0
58,-1,505,89,94.545,214.55,104.56,6.69867,2.6207,0
58,-1,157,75,80,181.54,32.498,11.6194,9.94964,0
58,-1,423,82,86.667,196.67,27.819,9.1883,4.91922,0
58,-1,583,99,40,90.769,13.183,31.4039,14.5809,0
59,-1,517,95,86.667,196.67,108.73,7.8816,3.1671,0
59,-1,397,95,86.667,196.67,107.73,7.68868,4.32575,0
59,-1,157,75,80,181.54,34.038,11.6194,9.94964,0
59,-1,423,82,86.667,196.67,26.806,9.1883,4.91922,0
59,-1,549,89,94.545,214.55,19.603,6.75647,2.21782,0
60,-1,397,95,86.667,196.67,122.37,7.68868,4.32575,0
60,-1,520,89,94.545,214.55,105.07,6.71917,2.48379,0
60,-1,423,108,86.667,196.67,45.676,6.47324,3.34461,0
60,-1,174,97,52,118,39.755,20.8416,16.6876,0
60,-1,191,189,26,59,12.739,12.9984,10.8593,0
61,-1,409,104,74.286,168.57,112.5,9.90031,5.56888,0
61,-1,520,89,94.545,214.55,92.907,6.71917,2.48379,0
61,-1,431,116,74.286,168.57,55.12,8.49483,4.49505,0
61,-1,157,75,80,181.54,34.532,11.6194,9.94964,0
61,-1,386,127,68.041,154.4,20.018,8.74934,5.18193,0
62,-1,420,116,74.286,168.57,101.34,8.4755,4.60519,0
62,-1,530,95,86.667,196.67,93.439,7.89916,3.04006,0
62,-1,157,75,80,181.54,38.058,11.6194,9.94964,0
62,-1,398,179,40,90.769,33.257,10.2427,6.11048,0
63,-1,420,116,74.286,168.57,94.487,8.4755,4.60519,0
63,-1,530,95,86.667,196.67,85.519,7.89916,3.04006,0
63,-1,391,88,80,181.54,46.882,10.2673,5.96734,0
63,-1,157,75,80,181.54,43.986,11.6194,9.94964,0
63,-1,443,127,74.286,168.57,15.031,7.35255,3.70934,0
64,-1,530,95,86.667,196.67,96.702,7.89916,3.04006,0
64,-1,428,100,80,181.54,87.145,8.83732,4.69327,0
64,-1,391,88,80,181.54,64.255,10.2673,5.96734,0
64,-1,157,75,80,181.54,45.249,11.6194,9.94964,0
64,-1,557,108,86.667,196.67,28.474,6.67003,2.13469,0
65,-1,428,100,80,181.54,99.468,8.83732,4.69327,0
65,-1,530,95,86.667,196.67,90.53,7.89916,3.04006,0
65,-1,383,82,86.667,196.67,64.261,9.11545,5.33451,0
65,-1,157,75,80,181.54,45.981,11.6194,9.94964,0
66,-1,428,100,80,181.54,100.72,8.83732,4.69327,0
66,-1,530,95,86.667,196.67,88.752,7.89916,3.04006,0
66,-1,383,82,86.667,196.67,68.417,9.11545,5.33451,0
66,-1,557,108,86.667,196.67,50.532,6.67003,2.13469,0
66,-1,157,75,80,181.54,42.386,11.6194,9.94964,0
67,-1,428,100,80,181.54,93.536,8.83732,4.69327,0
67,-1,535,89,94.545,214.55,87.504,6.73884,2.34643,0
67,-1,378,88,80,181.54,83.458,10.2427,6.11048,0
67,-1,157,75,80,181.54,39.658,11.6194,9.94964,0
67,-1,452,75,80,181.54,8.4091,12.2638,6.3622,0
68,-1,428,100,80,181.54,103.18,8.83732,4.69327,0
68,-1,378,88,80,181.54,95.188,10.2427,6.11048,0
68,-1,543,95,86.667,196.67,83.692,7.9161,2.91269,0
68,-1,165,95,68.041,154.4,41.261,12.8061,10.794,0
68,-1,452,88,80,181.54,25.397,10.3735,5.29354,0
69,-1,437,82,86.667,196.67,94.739,9.21224,4.7734,0
69,-1,378,88,80,181.54,78.725,10.2427,6.11048,0
69,-1,557,95,86.667,196.67,77.939,7.93366,2.77516,0
69,-1,165,95,68.041,154.4,46.943,12.8061,10.794,0
69,-1,410,95,86.667,196.67,25.669,7.7124,4.20135,0
69,-1,530,68,86.667,196.67,10.101,11.1814,4.75071,0
70,-1,437,82,86.667,196.67,94.237,9.21224,4.7734,0
70,-1,378,88,80,181.54,72.661,10.2427,6.11048,0
70,-1,549,75,94.545,214.55,56.367,8.13889,2.92145,0
70,-1,165,95,68.041,154.4,46.093,12.8061,10.794,0
71,-1,437,82,86.667,196.67,95.254,9.21224,4.7734,0
71,-1,374,93,74.286,168.57,76.722,11.3574,6.87624,0
71,-1,557,82,86.667,196.67,68.31,9.38632,3.51115,0
71,-1,165,95,68.041,154.4,49.461,12.8061,10.794,0
71,-1,463,95,86.667,196.67,13.632,7.80187,3.69148,0
71,-1,530,68,86.667,196.67,12.77,11.1814,4.75071,0
72,-1,452,100,80,181.54,87,8.87774,4.4478,0
72,-1,374,93,74.286,168.57,75.852,11.3574,6.87624,0
72,-1,557,95,86.667,196.67,74.756,7.93366,2.77516,0
72,-1,169,81,74.286,168.57,54.327,12.8253,10.7022,0
72,-1,530,82,86.667,196.67,28.05,9.35178,3.79729,0
73,-1,452,100,80,181.54,88.88,8.87774,4.4478,0
73,-1,374,93,74.286,168.57,75.58,11.3574,6.87624,0
73,-1,557,82,86.667,196.67,60.938,9.38632,3.51115,0
73,-1,157,75,80,181.54,45.637,11.6194,9.94964,0
74,-1,454,104,74.286,168.57,101.24,9.97764,5.08152,0
74,-1,366,88,80,181.54,73.759,10.2194,6.2425,0
74,-1,549,75,94.545,214.55,63.305,8.13889,2.92145,0
74,-1,169,81,74.286,168.57,54.985,12.8253,10.7022,0
75,-1,452,100,80,181.54,98.581,8.87774,4.4478,0
75,-1,366,88,80,181.54,76.608,10.2194,6.2425,0
75,-1,557,95,86.667,196.67,61.928,7.93366,2.77516,0
75,-1,165,95,68.041,154.4,56.255,12.8061,10.794,0
75,-1,530,82,86.667,196.67,1.2418,9.35178,3.79729,0
76,-1,466,104,74.286,168.57,89.937,9.9969,4.95114,0
76,-1,366,88,80,181.54,88.644,10.2194,6.2425,0
76,-1,570,95,86.667,196.67,60.276,7.94936,2.64711,0
76,-1,165,95,68.041,154.4,57.384,12.8061,10.794,0
76,-1,543,82,86.667,196.67,28.843,9.36873,3.65969,0
76,-1,443,116,74.286,168.57,25.528,8.51535,4.3747,0
77,-1,466,104,74.286,168.57,100.14,9.9969,4.95114,0
77,-1,366,88,80,181.54,87.564,10.2194,6.2425,0
77,-1,169,81,74.286,168.57,61.206,12.8253,10.7022,0
77,-1,563,100,80,181.54,60.073,9.03579,3.30042,0
77,-1,517,95,86.667,196.67,18.568,7.8816,3.1671,0
77,-1,446,169,52,118,9.918,8.17061,4.26403,0
78,-1,466,104,74.286,168.57,111.08,9.9969,4.95114,0
78,-1,363,93,74.286,168.57,88.616,11.336,7.00446,0
78,-1,557,95,86.667,196.67,61.952,7.93366,2.77516,0
78,-1,165,95,68.041,154.4,59.733,12.8061,10.794,0
78,-1,530,82,86.667,196.67,28.548,9.35178,3.79729,0
78,-1,443,116,74.286,168.57,9.0978,8.51535,4.3747,0
79,-1,466,104,74.286,168.57,97.05,9.9969,4.95114,0
79,-1,363,93,74.286,168.57,92.91,11.336,7.00446,0
79,-1,557,95,86.667,196.67,78.321,7.93366,2.77516,0
79,-1,165,95,68.041,154.4,63.676,12.8061,10.794,0
79,-1,530,82,86.667,196.67,46.07,9.35178,3.79729,0
80,-1,463,82,86.667,196.67,89.932,9.2546,4.50187,0
80,-1,351,93,74.286,168.57,85.741,11.3122,7.1443,0
80,-1,557,95,86.667,196.67,64.994,7.93366,2.77516,0
80,-1,165,95,68.041,154.4,62.423,12.8061,10.794,0
80,-1,530,82,86.667,196.67,38.343,9.35178,3.79729,0
80,-1,374,104,74.286,168.57,27.69,9.83438,5.94647,0
81,-1,351,93,74.286,168.57,85.815,11.3122,7.1443,0
81,-1,480,95,68.041,154.4,71.868,13.4569,6.73602,0
81,-1,165,95,68.041,154.4,60.813,12.8061,10.794,0
81,-1,557,104,74.286,168.57,55.625,10.1254,3.95539,0
81,-1,534,93,74.286,168.57,24.858,11.6136,5.00086,0
81,-1,374,104,74.286,168.57,20.9,9.83438,5.94647,0
81,-1,470,137,68.041,154.4,20.795,7.7987,3.7108,0
82,-1,351,93,74.286,168.57,94.642,11.3122,7.1443,0
82,-1,477,100,80,181.54,92.04,8.9174,4.19119,0
82,-1,176,95,68.041,154.4,69.533,12.8362,10.6498,0
82,-1,551,100,80,181.54,66.879,9.02088,3.42552,0
82,-1,378,100,80,181.54,15.293,8.74546,5.20223,0
83,-1,477,100,80,181.54,105.25,8.9174,4.19119,0
83,-1,354,88,80,181.54,80.9,10.1954,6.37443,0
83,-1,176,95,68.041,154.4,66.836,12.8362,10.6498,0
83,-1,538,88,80,181.54,65.549,10.4987,4.33556,0
83,-1,563,112,80,181.54,25.111,7.73161,2.64172,0
83,-1,378,100,80,181.54,3.1295,8.74546,5.20223,0
84,-1,489,93,74.286,168.57,97.535,11.5512,5.53106,0
84,-1,354,88,80,181.54,89.153,10.1954,6.37443,0
84,-1,169,81,74.286,168.57,72.383,12.8253,10.7022,0
84,-1,538,100,80,181.54,63.636,9.00415,3.56073,0
84,-1,470,127,68.041,154.4,24.761,8.89708,4.32475,0
84,-1,597,212,33.548,76.129,19.644,8.26635,2.80551,0
85,-1,489,104,74.286,168.57,89.485,10.0323,4.70068,0
85,-1,354,88,80,181.54,79.043,10.1954,6.37443,0
85,-1,538,100,80,181.54,74.136,9.00415,3.56073,0
85,-1,169,81,74.286,168.57,73.458,12.8253,10.7022,0
85,-1,597,207,33.548,76.129,27.929,8.81832,3.08129,0
85,-1,514,88,80,181.54,24.696,10.4665,4.60402,0
86,-1,489,100,80,181.54,82.912,8.93557,4.06767,0
86,-1,344,95,68.041,154.4,81.533,13.2264,8.47792,0
86,-1,169,81,74.286,168.57,75.214,12.8253,10.7022,0
86,-1,534,104,74.286,168.57,74.999,10.0957,4.20834,0
86,-1,384,106,56.877,129.07,39.238,16.0037,9.69682,0
86,-1,592,202,33.548,76.129,15.199,9.39606,3.42611,0
87,-1,500,104,74.286,168.57,87.496,10.0485,4.58063,0
87,-1,344,95,68.041,154.4,86.162,13.2264,8.47792,0
87,-1,176,95,68.041,154.4,76.587,12.8362,10.6498,0
87,-1,534,104,74.286,168.57,72.905,10.0957,4.20834,0
87,-1,384,106,56.877,129.07,41.394,16.0037,9.69682,0
87,-1,563,100,80,181.54,13.265,9.03579,3.30042,0
88,-1,500,104,74.286,168.57,97.513,10.0485,4.58063,0
88,-1,340,93,74.286,168.57,91.668,11.2898,7.27247,0
88,-1,169,81,74.286,168.57,70.003,12.8253,10.7022,0
88,-1,534,104,74.286,168.57,62.687,10.0957,4.20834,0
88,-1,384,106,56.877,129.07,43.135,16.0037,9.69682,0
89,-1,503,82,86.667,196.67,97.757,9.31464,4.08212,0
89,-1,340,93,74.286,168.57,87.672,11.2898,7.27247,0
89,-1,169,81,74.286,168.57,74.177,12.8253,10.7022,0
89,-1,530,95,86.667,196.67,40.968,7.89916,3.04006,0
89,-1,384,106,56.877,129.07,35.727,16.0037,9.69682,0
90,-1,514,100,80,181.54,92.356,8.97167,3.80955,0
90,-1,340,93,74.286,168.57,87.923,11.2898,7.27247,0
90,-1,169,81,74.286,168.57,71.551,12.8253,10.7022,0
90,-1,384,106,56.877,129.07,44.24,16.0037,9.69682,0
90,-1,538,112,80,181.54,21.504,7.70005,2.88442,0
91,-1,511,104,74.286,168.57,100.31,10.0642,4.46038,0
91,-1,329,88,80,181.54,84.738,10.1435,6.64904,0
91,-1,176,95,68.041,154.4,72.678,12.8362,10.6498,0
91,-1,538,100,80,181.54,43.477,9.00415,3.56073,0
91,-1,384,106,56.877,129.07,31.109,16.0037,9.69682,0
92,-1,514,88,80,181.54,97.221,10.4665,4.60402,0
92,-1,329,88,80,181.54,82.059,10.1435,6.64904,0
92,-1,176,85,68.041,154.4,73.299,14.7478,12.0434,0
92,-1,538,100,80,181.54,40.268,9.00415,3.56073,0
92,-1,384,106,56.877,129.07,27.41,16.0037,9.69682,0
93,-1,523,104,74.286,168.57,103.71,10.0809,4.32899,0
93,-1,329,88,80,181.54,89.084,10.1435,6.64904,0
93,-1,176,85,68.041,154.4,77.094,14.7478,12.0434,0
93,-1,399,181,26,59,36.207,14.9688,9.06579,0
94,-1,514,88,80,181.54,98.704,10.4665,4.60402,0
94,-1,329,88,80,181.54,95.984,10.1435,6.64904,0
94,-1,176,85,68.041,154.4,71.085,14.7478,12.0434,0
94,-1,399,181,26,59,39.765,14.9688,9.06579,0
94,-1,538,100,80,181.54,24.492,9.00415,3.56073,0
95,-1,517,82,86.667,196.67,99.019,9.33423,3.93459,0
95,-1,329,88,80,181.54,91.107,10.1435,6.64904,0
95,-1,179,97,62.22,141.19,76.496,14.9557,12.195,0
95,-1,384,106,56.877,129.07,43.889,16.0037,9.69682,0
96,-1,514,88,80,181.54,99.417,10.4665,4.60402,0
96,-1,176,85,68.041,154.4,79.826,14.7478,12.0434,0
96,-1,317,93,74.286,168.57,79.218,11.2413,7.54043,0
96,-1,384,106,56.877,129.07,40.489,16.0037,9.69682,0
96,-1,538,100,80,181.54,33.36,9.00415,3.56073,0
96,-1,340,104,74.286,168.57,32.833,9.76527,6.31234,0
96,-1,489,100,80,181.54,11.285,8.93557,4.06767,0
97,-1,514,88,80,181.54,92.93,10.4665,4.60402,0
97,-1,176,85,68.041,154.4,80.138,14.7478,12.0434,0
97,-1,317,93,74.286,168.57,72.885,11.2413,7.54043,0
97,-1,538,100,80,181.54,44.49,9.00415,3.56073,0
97,-1,375,106,68.041,154.4,32.512,11.5029,6.9909,0
97,-1,489,100,80,181.54,28.917,8.93557,4.06767,0
97,-1,351,116,62.22,141.19,7.475,11.9101,7.59666,0
98,-1,317,93,74.286,168.57,82.85,11.2413,7.54043,0
98,-1,176,85,68.041,154.4,79.128,14.7478,12.0434,0
98,-1,530,82,86.667,196.67,70.112,9.35178,3.79729,0
98,-1,500,104,74.286,168.57,59.496,10.0485,4.58063,0
98,-1,384,115,56.877,129.07,30.754,14.1956,8.59428,0
98,-1,369,156,43.854,99.515,12.253,12.2435,7.69805,0
99,-1,179,97,62.22,141.19,75.613,14.9557,12.195,0
99,-1,530,82,86.667,196.67,72.271,9.35178,3.79729,0
99,-1,317,88,80,181.54,69.933,10.1175,6.78076,0
99,-1,501,116,68.041,154.4,59.031,10.3066,4.7439,0
99,-1,380,107,62.22,141.19,37.595,13.4646,8.16255,0
100,-1,179,97,62.22,141.19,73.907,14.9557,12.195,0
100,-1,538,100,80,181.54,65.908,9.00415,3.56073,0
100,-1,506,163,47.893,108.68,63.295,10.1665,4.73868,0
100,-1,317,93,74.286,168.57,58.357,11.2413,7.54043,0
100,-1,382,113,52,118,36.824,16.8859,10.2985,0
100,-1,520,171,47.893,108.68,0.35363,9.1909,4.04948,0
101,-1,538,100,80,181.54,71.391,9.00415,3.56073,0
101,-1,176,85,68.041,154.4,71.297,14.7478,12.0434,0
101,-1,317,93,74.286,168.57,63.907,11.2413,7.54043,0
101,-1,504,170,43.854,99.515,51.133,10.4247,4.92721,0
101,-1,382,113,52,118,48.529,16.8859,10.2985,0
101,-1,197,95,68.041,154.4,13.383,12.892,10.3753,0
101,-1,520,163,47.893,108.68,9.9887,10.1868,4.58478,0
102,-1,546,104,74.286,168.57,83.947,10.1114,4.07648,0
102,-1,179,97,62.22,141.19,77.853,14.9557,12.195,0
102,-1,312,95,68.041,154.4,68.876,13.1616,8.88847,0
102,-1,498,156,47.893,108.68,61.155,11.1086,5.3507,0
102,-1,382,113,52,118,43.322,16.8859,10.2985,0
102,-1,513,163,47.893,108.68,13.378,10.1767,4.66177,0
102,-1,569,93,74.286,168.57,8.8934,11.6573,4.58642,0
102,-1,198,107,62.22,141.19,7.7137,13.065,10.5292,0
103,-1,179,97,62.22,141.19,75.343,14.9557,12.195,0
103,-1,306,93,74.286,168.57,74.964,11.2172,7.66861,0
103,-1,498,156,47.893,108.68,67.37,11.1086,5.3507,0
103,-1,551,88,80,181.54,59.619,10.5153,4.18975,0
103,-1,391,181,26,59,42.352,14.955,9.17636,0
103,-1,513,116,62.22,141.19,22.843,12.1838,5.645,0
103,-1,399,185,26,59,8.5428,14.1956,8.59428,0
104,-1,176,85,68.041,154.4,77.559,14.7478,12.0434,0
104,-1,306,93,74.286,168.57,76.049,11.2172,7.66861,0
104,-1,563,88,80,181.54,68.373,10.5301,4.05489,0
104,-1,486,145,52,118,51.084,11.2383,5.53359,0
104,-1,538,100,80,181.54,49.253,9.00415,3.56073,0
104,-1,382,113,52,118,40.605,16.8859,10.2985,0
104,-1,514,88,80,181.54,30.648,10.4665,4.60402,0
105,-1,179,97,62.22,141.19,75.531,14.9557,12.195,0
105,-1,557,93,74.286,168.57,74.309,11.6427,4.72873,0
105,-1,306,93,74.286,168.57,70.884,11.2172,7.66861,0
105,-1,480,116,68.041,154.4,52.084,10.2752,4.97592,0
105,-1,395,175,28.326,64.279,49.293,15.1644,9.22997,0
105,-1,511,116,68.041,154.4,29.244,10.321,4.63318,0
105,-1,386,179,28.326,64.279,4.4602,14.3633,8.87114,0
106,-1,569,93,74.286,168.57,82.2,11.6573,4.58642,0
106,-1,176,95,68.041,154.4,72.464,12.8362,10.6498,0
106,-1,306,93,74.286,168.57,68.758,11.2172,7.66861,0
106,-1,391,175,28.326,64.279,52.843,15.1576,9.28575,0
106,-1,480,116,68.041,154.4,51.006,10.2752,4.97592,0
106,-1,501,106,68.041,154.4,37.095,11.713,5.50583,0
106,-1,403,181,26,59,31.435,14.9757,9.01053,0
106,-1,546,104,74.286,168.57,30.669,10.1114,4.07648,0
106,-1,462,156,47.893,108.68,25.196,11.0524,5.76402,0
106,-1,371,181,26,59,2.4896,14.9195,9.45306,0
107,-1,569,93,74.286,168.57,80.046,11.6573,4.58642,0
107,-1,179,97,62.22,141.19,73.404,14.9557,12.195,0
107,-1,306,93,74.286,168.57,60.482,11.2172,7.66861,0
107,-1,392,172,30.847,69.999,53.649,14.7625,9.01375,0
107,-1,480,116,68.041,154.4,48.584,10.2752,4.97592,0
107,-1,501,106,68.041,154.4,39.773,11.713,5.50583,0
107,-1,463,163,43.854,99.515,28.418,11.3393,5.93987,0
107,-1,546,104,74.286,168.57,12.423,10.1114,4.07648,0
107,-1,369,175,28.326,64.279,7.1704,15.1188,9.59286,0
108,-1,176,85,68.041,154.4,75.361,14.7478,12.0434,0
108,-1,574,106,68.041,154.4,68.332,11.8082,4.63726,0
108,-1,501,106,68.041,154.4,54.9,11.713,5.50583,0
108,-1,302,106,68.041,154.4,51.532,11.3514,7.84806,0
108,-1,391,185,26,59,44.417,14.1814,8.70108,0
108,-1,399,175,28.326,64.279,35.727,15.1712,9.17421,0
108,-1,470,116,68.041,154.4,33.43,10.2596,5.08619,0
109,-1,179,97,62.22,141.19,87.279,14.9557,12.195,0
109,-1,574,106,68.041,154.4,62.011,11.8082,4.63726,0
109,-1,302,106,68.041,154.4,49.743,11.3514,7.84806,0
109,-1,526,129,52,118,47.722,13.8614,6.43521,0
109,-1,395,179,28.326,64.279,42.653,14.3794,8.74994,0
109,-1,470,116,68.041,154.4,35.158,10.2596,5.08619,0
109,-1,490,106,68.041,154.4,26.719,11.6971,5.63607,0
109,-1,370,176,33.548,76.129,19.05,12.7283,8.05459,0
109,-1,407,185,26,59,18.269,14.2096,8.48752,0
109,-1,386,175,28.326,64.279,5.1135,15.1489,9.3555,0
110,-1,176,95,68.041,154.4,81.213,12.8362,10.6498,0
110,-1,580,93,74.286,168.57,74.262,11.6702,4.45575,0
110,-1,501,106,68.041,154.4,48.902,11.713,5.50583,0
110,-1,305,106,56.877,129.07,48.87,15.8641,10.8438,0
110,-1,384,115,56.877,129.07,39.596,14.1956,8.59428,0
110,-1,470,116,68.041,154.4,39.571,10.2596,5.08619,0
110,-1,370,176,33.548,76.129,24.525,12.7283,8.05459,0
111,-1,176,95,68.041,154.4,74.427,12.8362,10.6498,0
111,-1,501,106,68.041,154.4,66.908,11.713,5.50583,0
111,-1,580,93,74.286,168.57,65.708,11.6702,4.45575,0
111,-1,384,115,56.877,129.07,47.726,14.1956,8.59428,0
111,-1,459,116,68.041,154.4,45.007,10.2421,5.20733,0
111,-1,310,113,52,118,41.417,16.7649,11.3848,0
111,-1,370,176,33.548,76.129,26.424,12.7283,8.05459,0
112,-1,176,95,68.041,154.4,76.661,12.8362,10.6498,0
112,-1,504,116,62.22,141.19,64.838,12.1712,5.75399,0
112,-1,580,93,74.286,168.57,64.734,11.6702,4.45575,0
112,-1,384,115,56.877,129.07,49.495,14.1956,8.59428,0
112,-1,459,116,68.041,154.4,49.231,10.2421,5.20733,0
112,-1,303,107,62.22,141.19,46.982,13.313,9.15833,0
112,-1,370,176,33.548,76.129,28.306,12.7283,8.05459,0
113,-1,176,95,68.041,154.4,84.024,12.8362,10.6498,0
113,-1,580,93,74.286,168.57,66.582,11.6702,4.45575,0
113,-1,501,106,68.041,154.4,54.29,11.713,5.50583,0
113,-1,384,115,56.877,129.07,54.014,14.1956,8.59428,0
113,-1,303,107,62.22,141.19,45.758,13.313,9.15833,0
113,-1,454,132,56.877,129.07,41.805,11.4831,6.04707,0
113,-1,370,176,33.548,76.129,26.206,12.7283,8.05459,0
114,-1,180,81,74.286,168.57,83.892,12.855,10.5581,0
114,-1,504,116,62.22,141.19,58.985,12.1712,5.75399,0
114,-1,449,116,68.041,154.4,58.781,10.2257,5.31733,0
114,-1,384,115,56.877,129.07,54.024,14.1956,8.59428,0
114,-1,303,107,62.22,141.19,51.57,13.313,9.15833,0
114,-1,575,88,80,181.54,45.39,10.5444,3.91977,0
114,-1,373,176,30.847,69.999,22.79,13.9656,8.79851,0
115,-1,180,81,74.286,168.57,81.937,12.855,10.5581,0
115,-1,294,107,62.22,141.19,56.317,13.2936,9.27508,0
115,-1,380,107,62.22,141.19,51.998,13.4646,8.16255,0
115,-1,447,126,62.22,141.19,47.387,10.6214,5.60386,0
115,-1,504,116,62.22,141.19,42.669,12.1712,5.75399,0
115,-1,590,97,62.22,141.19,38.999,15.6549,6.37762,0
116,-1,180,81,74.286,168.57,84.732,12.855,10.5581,0
116,-1,445,132,56.877,129.07,63.952,11.4683,6.15238,0
116,-1,294,107,62.22,141.19,61.461,13.2936,9.27508,0
116,-1,384,115,56.877,129.07,60.702,14.1956,8.59428,0
116,-1,504,107,62.22,141.19,45.616,13.6614,6.56111,0
116,-1,373,181,30.847,69.999,25.513,13.0721,8.24154,0
116,-1,590,97,62.22,141.19,11.76,15.6549,6.37762,0
117,-1,176,85,68.041,154.4,79.523,14.7478,12.0434,0
117,-1,384,115,56.877,129.07,64.898,14.1956,8.59428,0
117,-1,294,107,62.22,141.19,62.408,13.2936,9.27508,0
117,-1,437,116,62.22,141.19,58.268,12.068,6.56268,0
117,-1,494,116,62.22,141.19,45.149,12.1568,5.87497,0
117,-1,197,95,68.041,154.4,32.05,12.892,10.3753,0
117,-1,513,107,62.22,141.19,15.607,13.6736,6.44456,0
117,-1,373,181,30.847,69.999,12.062,13.0721,8.24154,0
117,-1,462,153,52,118,3.0064,10.1025,5.18777,0
117,-1,580,93,74.286,168.57,1.1648,11.6702,4.45575,0
118,-1,447,156,47.893,108.68,80.995,11.0275,5.93581,0
118,-1,180,81,74.286,168.57,80.517,12.855,10.5581,0
118,-1,384,115,56.877,129.07,64.631,14.1956,8.59428,0
118,-1,294,107,62.22,141.19,62.688,13.2936,9.27508,0
118,-1,494,116,62.22,141.19,43.698,12.1568,5.87497,0
118,-1,594,106,56.877,129.07,5.7827,16.2788,6.67125,0
119,-1,437,116,62.22,141.19,77.52,12.068,6.56268,0
119,-1,180,81,74.286,168.57,72.801,12.855,10.5581,0
119,-1,294,97,62.22,141.19,58.192,15.2132,10.5415,0
119,-1,411,185,26,59,55.394,14.2165,8.43415,0
119,-1,494,107,62.22,141.19,44.482,13.6475,6.69052,0
119,-1,378,179,28.326,64.279,35.949,14.3488,8.97893,0
119,-1,399,185,26,59,22.822,14.1956,8.59428,0
120,-1,176,85,68.041,154.4,72.763,14.7478,12.0434,0
120,-1,438,145,52,118,70.529,11.1607,6.08778,0
120,-1,291,95,68.041,154.4,61.441,13.1168,9.15842,0
120,-1,384,115,56.877,129.07,53.91,14.1956,8.59428,0
120,-1,494,107,62.22,141.19,49.272,13.6475,6.69052,0
120,-1,197,95,68.041,154.4,28.283,12.892,10.3753,0
121,-1,438,145,52,118,75.606,11.1607,6.08778,0
121,-1,180,81,74.286,168.57,70.4,12.855,10.5581,0
121,-1,294,97,62.22,141.19,60.677,15.2132,10.5415,0
121,-1,494,107,62.22,141.19,53.399,13.6475,6.69052,0
121,-1,384,123,56.877,129.07,48.986,12.7777,7.72962,0
122,-1,186,95,68.041,154.4,74.589,12.863,10.5189,0
122,-1,294,97,62.22,141.19,68.685,15.2132,10.5415,0
122,-1,427,116,62.22,141.19,67.66,12.0512,6.68306,0
122,-1,494,107,62.22,141.19,51.867,13.6475,6.69052,0
122,-1,404,179,28.326,64.279,49.38,14.3951,8.62879,0
122,-1,382,179,28.326,64.279,17.999,14.3561,8.92503,0
123,-1,430,145,52,118,85.483,11.1469,6.17993,0
123,-1,180,81,74.286,168.57,65.76,12.855,10.5581,0
123,-1,296,106,56.877,129.07,63.483,15.8468,10.9754,0
123,-1,389,116,62.22,141.19,38.457,11.9836,7.14005,0
123,-1,485,107,62.22,141.19,33.255,13.6348,6.80693,0
124,-1,427,132,56.877,129.07,87.36,11.4377,6.3628,0
124,-1,186,85,68.041,154.4,67.149,14.7727,11.8993,0
124,-1,296,106,56.877,129.07,63.45,15.8468,10.9754,0
124,-1,489,115,56.877,129.07,53.374,14.3613,7.19384,0
124,-1,396,106,68.041,154.4,51.206,11.5423,6.74416,0
124,-1,378,158,28.326,64.279,18.62,19.0918,11.9247,0
125,-1,418,116,62.22,141.19,81.296,12.0357,6.79136,0
125,-1,186,85,68.041,154.4,66.994,14.7727,11.8993,0
125,-1,489,115,56.877,129.07,56.012,14.3613,7.19384,0
125,-1,283,81,74.286,168.57,53.964,13.1058,9.22277,0
125,-1,386,106,68.041,154.4,35.899,11.5237,6.86168,0
126,-1,418,116,62.22,141.19,80.313,12.0357,6.79136,0
126,-1,189,97,62.22,141.19,71.196,14.9803,12.0494,0
126,-1,281,95,68.041,154.4,67.471,13.0948,9.28716,0
126,-1,486,129,52,118,48.178,13.8065,6.95699,0
126,-1,389,116,62.22,141.19,36.673,11.9836,7.14005,0
126,-1,378,153,30.847,69.999,15.381,19.0932,11.9082,0
127,-1,408,116,62.22,141.19,81.333,12.0181,6.91164,0
127,-1,281,95,68.041,154.4,72.749,13.0948,9.28716,0
127,-1,189,97,62.22,141.19,71.841,14.9803,12.0494,0
127,-1,486,129,52,118,51.956,13.8065,6.95699,0
127,-1,378,157,30.847,69.999,19.391,18.0595,11.2668,0
127,-1,519,197,26,59,1.7631,12.3237,5.87547,0
128,-1,408,116,62.22,141.19,90.29,12.0181,6.91164,0
128,-1,189,97,62.22,141.19,68.859,14.9803,12.0494,0
128,-1,281,95,68.041,154.4,66.883,13.0948,9.28716,0
128,-1,486,129,52,118,41.781,13.8065,6.95699,0
128,-1,378,157,30.847,69.999,19.244,18.0595,11.2668,0
129,-1,396,106,68.041,154.4,89.021,11.5423,6.74416,0
129,-1,281,95,68.041,154.4,75.991,13.0948,9.28716,0
129,-1,186,85,68.041,154.4,69.663,14.7727,11.8993,0
129,-1,475,116,62.22,141.19,47.113,12.1285,6.10454,0
129,-1,417,116,68.041,154.4,31.976,10.1707,5.66856,0
129,-1,382,162,28.326,64.279,19.686,18.0639,11.2195,0
130,-1,399,116,62.22,141.19,90.964,12.0019,7.01985,0
130,-1,281,95,68.041,154.4,88.766,13.0948,9.28716,0
130,-1,186,85,68.041,154.4,74.284,14.7727,11.8993,0
130,-1,475,116,62.22,141.19,49.224,12.1285,6.10454,0
130,-1,418,126,62.22,141.19,17.946,10.5714,5.92869,0
131,-1,281,95,68.041,154.4,80.56,13.0948,9.28716,0
131,-1,399,116,62.22,141.19,75.405,12.0019,7.01985,0
131,-1,180,81,74.286,168.57,69.887,12.855,10.5581,0
131,-1,478,129,52,118,46.595,13.7948,7.06121,0
132,-1,281,95,68.041,154.4,78.74,13.0948,9.28716,0
132,-1,189,97,62.22,141.19,72.566,14.9803,12.0494,0
132,-1,396,106,68.041,154.4,71.325,11.5423,6.74416,0
132,-1,471,123,56.877,129.07,43.476,12.924,6.64163,0
133,-1,281,95,68.041,154.4,76.82,13.0948,9.28716,0
133,-1,189,97,62.22,141.19,69.293,14.9803,12.0494,0
133,-1,471,123,56.877,129.07,53.573,12.924,6.64163,0
133,-1,396,106,68.041,154.4,52.602,11.5423,6.74416,0
134,-1,189,97,62.22,141.19,77.546,14.9803,12.0494,0
134,-1,281,95,68.041,154.4,75.813,13.0948,9.28716,0
134,-1,389,116,62.22,141.19,66.69,11.9836,7.14005,0
134,-1,466,116,62.22,141.19,52.306,12.1147,6.21316,0
135,-1,186,85,68.041,154.4,67.239,14.7727,11.8993,0
135,-1,281,95,68.041,154.4,66.26,13.0948,9.28716,0
135,-1,471,123,56.877,129.07,65.857,12.924,6.64163,0
135,-1,389,116,62.22,141.19,65.782,11.9836,7.14005,0
136,-1,270,95,68.041,154.4,78.861,13.07,9.42893,0
136,-1,389,107,62.22,141.19,74.54,13.4808,8.04639,0
136,-1,186,85,68.041,154.4,72.552,14.7727,11.8993,0
136,-1,466,116,62.22,141.19,59.748,12.1147,6.21316,0
136,-1,291,106,68.041,154.4,10.269,11.3266,7.9773,0
137,-1,386,106,68.041,154.4,84.436,11.5237,6.86168,0
137,-1,186,85,68.041,154.4,74.433,14.7727,11.8993,0
137,-1,270,95,68.041,154.4,72.885,13.07,9.42893,0
137,-1,466,116,62.22,141.19,60.666,12.1147,6.21316,0
137,-1,291,106,68.041,154.4,10.816,11.3266,7.9773,0
138,-1,270,95,68.041,154.4,79.954,13.07,9.42893,0
138,-1,386,106,68.041,154.4,78.055,11.5237,6.86168,0
138,-1,180,81,74.286,168.57,74.219,12.855,10.5581,0
138,-1,459,106,68.041,154.4,63.397,11.6497,6.00238,0
139,-1,386,106,68.041,154.4,80.975,11.5237,6.86168,0
139,-1,176,85,68.041,154.4,78.072,14.7478,12.0434,0
139,-1,270,95,68.041,154.4,77.061,13.07,9.42893,0
139,-1,470,137,52,118,52.045,12.4291,6.40316,0
139,-1,197,95,68.041,154.4,28.102,12.892,10.3753,0
139,-1,-15,112,80,181.54,14.557,6.29635,8.0675,0
139,-1,462,97,52,118,4.8931,21.1849,11.4752,0
140,-1,386,106,68.041,154.4,84.834,11.5237,6.86168,0
140,-1,260,95,68.041,154.4,77.984,13.0471,9.55797,0
140,-1,180,81,74.286,168.57,70.149,12.855,10.5581,0
140,-1,456,107,62.22,141.19,47.893,13.5917,7.18166,0
140,-1,307,186,30.847,69.999,30.7,12.1,8.52878,0
140,-1,-14,104,74.286,168.57,7.1292,8.70424,10.1489,0
140,-1,369,156,43.854,99.515,4.795,12.2435,7.69805,0
141,-1,386,106,68.041,154.4,84.393,11.5237,6.86168,0
141,-1,260,95,68.041,154.4,73.252,13.0471,9.55797,0
141,-1,176,85,68.041,154.4,70.941,14.7478,12.0434,0
141,-1,456,107,62.22,141.19,49.771,13.5917,7.18166,0
141,-1,311,193,26,59,24.127,12.599,8.83079,0
141,-1,197,95,68.041,154.4,21.677,12.892,10.3753,0
141,-1,6,121,52,118,14.891,14.2242,14.6975,0
141,-1,432,176,33.548,76.129,5.6384,12.8417,7.27971,0
141,-1,375,158,68.041,154.4,2.494,5.6707,3.42314,0
142,-1,386,106,68.041,154.4,82.353,11.5237,6.86168,0
142,-1,260,95,68.041,154.4,70.117,13.0471,9.55797,0
142,-1,176,85,68.041,154.4,68.394,14.7478,12.0434,0
142,-1,456,107,62.22,141.19,45.391,13.5917,7.18166,0
142,-1,197,95,68.041,154.4,18.225,12.892,10.3753,0
142,-1,-15,100,80,181.54,9.9688,7.60083,9.17928,0
142,-1,307,186,30.847,69.999,8.7673,12.1,8.52878,0
142,-1,365,127,68.041,154.4,0.99855,8.70773,5.39488,0
143,-1,260,95,68.041,154.4,72.259,13.0471,9.55797,0
143,-1,386,106,68.041,154.4,67.37,11.5237,6.86168,0
143,-1,186,85,68.041,154.4,64.966,14.7727,11.8993,0
143,-1,456,107,62.22,141.19,44.304,13.5917,7.18166,0
143,-1,308,193,28.326,64.279,23.823,11.7816,8.3181,0
143,-1,-17,95,86.667,196.67,23.258,6.50522,8.23259,0
143,-1,365,116,68.041,154.4,20.516,10.0722,6.23721,0
144,-1,249,95,68.041,154.4,71.546,13.0213,9.7001,0
144,-1,179,97,62.22,141.19,65.334,14.9557,12.195,0
144,-1,396,106,68.041,154.4,59.773,11.5423,6.74416,0
144,-1,370,116,62.22,141.19,46.4,11.9476,7.36837,0
144,-1,456,116,62.22,141.19,38.675,12.0989,6.33376,0
144,-1,307,197,26,59,29.645,11.9352,8.447,0
144,-1,8,137,68.041,154.4,16.466,6.56817,8.08048,0
145,-1,249,95,68.041,154.4,77.354,13.0213,9.7001,0
145,-1,179,97,62.22,141.19,70.34,14.9557,12.195,0
145,-1,399,116,62.22,141.19,66.685,12.0019,7.01985,0
145,-1,365,106,68.041,154.4,45.384,11.4835,7.10834,0
145,-1,449,106,68.041,154.4,38.842,11.6337,6.12033,0
145,-1,18,116,68.041,154.4,20.59,9.08173,10.0476,0
145,-1,303,197,26,59,10.819,11.926,8.49556,0
146,-1,249,95,68.041,154.4,73.471,13.0213,9.7001,0
146,-1,399,116,62.22,141.19,70.002,12.0019,7.01985,0
146,-1,179,97,62.22,141.19,65.663,14.9557,12.195,0
146,-1,361,116,62.22,141.19,49.685,11.93,7.47651,0
146,-1,456,116,62.22,141.19,29.296,12.0989,6.33376,0
146,-1,20,116,74.286,168.57,25.185,7.38184,8.56535,0
146,-1,380,107,62.22,141.19,16.012,13.4646,8.16255,0
146,-1,357,202,56.877,129.07,10.404,4.16706,2.71467,0
146,-1,299,188,28.326,64.279,3.9475,12.5743,8.96884,0
147,-1,249,95,68.041,154.4,76.685,13.0213,9.7001,0
147,-1,399,116,62.22,141.19,74.491,12.0019,7.01985,0
147,-1,176,95,68.041,154.4,68.861,12.8362,10.6498,0
147,-1,361,116,62.22,141.19,56.49,11.93,7.47651,0
147,-1,449,106,68.041,154.4,36.116,11.6337,6.12033,0
147,-1,20,116,74.286,168.57,24.516,7.38184,8.56535,0
147,-1,357,202,56.877,129.07,15.327,4.16706,2.71467,0
148,-1,249,95,68.041,154.4,78.837,13.0213,9.7001,0
148,-1,176,95,68.041,154.4,74.783,12.8362,10.6498,0
148,-1,399,116,62.22,141.19,68.875,12.0019,7.01985,0
148,-1,361,116,62.22,141.19,52.09,11.93,7.47651,0
148,-1,449,106,68.041,154.4,42.046,11.6337,6.12033,0
148,-1,20,127,74.286,168.57,17.704,6.22038,7.6019,0
149,-1,249,95,68.041,154.4,81.467,13.0213,9.7001,0
149,-1,179,97,62.22,141.19,70.653,14.9557,12.195,0
149,-1,399,116,62.22,141.19,60.396,12.0019,7.01985,0
149,-1,361,116,62.22,141.19,57.517,11.93,7.47651,0
149,-1,447,107,62.22,141.19,50.426,13.5778,7.29787,0
149,-1,34,100,80,181.54,14.733,7.78931,8.67661,0
149,-1,341,107,62.22,141.19,9.3126,13.3908,8.66634,0
150,-1,249,95,68.041,154.4,78.016,13.0213,9.7001,0
150,-1,179,97,62.22,141.19,71.869,14.9557,12.195,0
150,-1,399,116,62.22,141.19,63.576,12.0019,7.01985,0
150,-1,351,116,62.22,141.19,62.195,11.9101,7.59666,0
150,-1,454,105,52,118,47.701,18.9399,10.3359,0
150,-1,34,100,80,181.54,27.743,7.78931,8.67661,0
150,-1,467,197,26,59,7.5436,12.2447,6.50794,0
151,-1,249,95,68.041,154.4,82.42,13.0213,9.7001,0
151,-1,176,85,68.041,154.4,73.838,14.7478,12.0434,0
151,-1,396,106,68.041,154.4,61.036,11.5423,6.74416,0
151,-1,351,116,62.22,141.19,60.917,11.9101,7.59666,0
151,-1,454,105,52,118,41.736,18.9399,10.3359,0
151,-1,43,116,74.286,168.57,35.566,7.46777,8.33576,0
152,-1,176,85,68.041,154.4,77.124,14.7478,12.0434,0
152,-1,249,95,68.041,154.4,70.586,13.0213,9.7001,0
152,-1,351,116,62.22,141.19,69.204,11.9101,7.59666,0
152,-1,399,116,62.22,141.19,55.961,12.0019,7.01985,0
152,-1,43,116,74.286,168.57,39.484,7.46777,8.33576,0
152,-1,445,106,56.877,129.07,32.856,16.0971,8.81719,0
153,-1,176,85,68.041,154.4,77.604,14.7478,12.0434,0
153,-1,351,116,62.22,141.19,64.54,11.9101,7.59666,0
153,-1,249,95,68.041,154.4,60.028,13.0213,9.7001,0
153,-1,399,107,62.22,141.19,44.605,13.4984,7.91733,0
153,-1,447,107,62.22,141.19,34.516,13.5778,7.29787,0
153,-1,43,116,74.286,168.57,32.231,7.46777,8.33576,0
154,-1,176,95,68.041,154.4,72.307,12.8362,10.6498,0
154,-1,249,95,68.041,154.4,70.185,13.0213,9.7001,0
154,-1,351,116,62.22,141.19,51.566,11.9101,7.59666,0
154,-1,438,106,68.041,154.4,49.059,11.6156,6.24998,0
154,-1,399,107,62.22,141.19,43.125,13.4984,7.91733,0
154,-1,81,207,33.548,76.129,18.1,7.64248,8.25734,0
155,-1,176,85,68.041,154.4,78.132,14.7478,12.0434,0
155,-1,249,95,68.041,154.4,64.57,13.0213,9.7001,0
155,-1,342,137,52,118,51.2,12.1992,7.9666,0
155,-1,438,106,68.041,154.4,49.712,11.6156,6.24998,0
155,-1,391,88,80,181.54,34.807,10.2673,5.96734,0
155,-1,54,116,74.286,168.57,33.361,7.50778,8.22624,0
155,-1,350,105,52,118,6.6033,18.8039,12.0211,0
156,-1,176,85,68.041,154.4,78.951,14.7478,12.0434,0
156,-1,249,95,68.041,154.4,62.413,13.0213,9.7001,0
156,-1,437,116,62.22,141.19,59.213,12.068,6.56268,0
156,-1,342,137,52,118,49.795,12.1992,7.9666,0
156,-1,389,116,62.22,141.19,38.287,11.9836,7.14005,0
156,-1,60,116,68.041,154.4,24.741,9.23603,9.57751,0
157,-1,179,97,62.22,141.19,69.214,14.9557,12.195,0
157,-1,438,106,68.041,154.4,47.856,11.6156,6.24998,0
157,-1,342,137,52,118,45.666,12.1992,7.9666,0
157,-1,239,95,68.041,154.4,43.175,12.9974,9.82951,0
157,-1,413,188,28.326,64.279,42.786,12.805,7.54218,0
157,-1,60,127,68.041,154.4,27.538,7.86218,8.4727,0
157,-1,425,186,30.847,69.999,13.163,12.3365,7.08776,0
157,-1,397,162,30.847,69.999,-0.15394,16.8921,10.2385,0
158,-1,176,85,68.041,154.4,68.203,14.7478,12.0434,0
158,-1,342,137,52,118,55.137,12.1992,7.9666,0
158,-1,239,95,68.041,154.4,49.737,12.9974,9.82951,0
158,-1,437,116,62.22,141.19,47.925,12.068,6.56268,0
158,-1,389,116,62.22,141.19,38.119,11.9836,7.14005,0
158,-1,66,116,74.286,168.57,27.892,7.55063,8.10695,0
159,-1,179,97,62.22,141.19,71.475,14.9557,12.195,0
159,-1,249,95,68.041,154.4,60,13.0213,9.7001,0
159,-1,332,107,62.22,141.19,56.725,13.3729,8.78274,0
159,-1,437,116,62.22,141.19,43.297,12.068,6.56268,0
159,-1,391,88,80,181.54,41.112,10.2673,5.96734,0
159,-1,77,116,74.286,168.57,17.371,7.58919,7.99776,0
160,-1,176,85,68.041,154.4,69.408,14.7478,12.0434,0
160,-1,340,123,56.877,129.07,63.182,12.6924,8.27969,0
160,-1,249,95,68.041,154.4,57.599,13.0213,9.7001,0
160,-1,437,116,62.22,141.19,53.592,12.068,6.56268,0
160,-1,399,116,62.22,141.19,45.695,12.0019,7.01985,0
160,-1,77,116,74.286,168.57,18.202,7.58919,7.99776,0
161,-1,176,85,68.041,154.4,71.642,14.7478,12.0434,0
161,-1,332,116,62.22,141.19,61.633,11.8711,7.82498,0
161,-1,389,116,62.22,141.19,49.01,11.9836,7.14005,0
161,-1,437,116,62.22,141.19,48.054,12.068,6.56268,0
161,-1,249,95,68.041,154.4,46.714,13.0213,9.7001,0
161,-1,127,205,30.847,69.999,40.003,8.87912,8.64312,0
162,-1,179,97,62.22,141.19,70.61,14.9557,12.195,0
162,-1,332,116,62.22,141.19,68.709,11.8711,7.82498,0
162,-1,389,116,62.22,141.19,48.93,11.9836,7.14005,0
162,-1,437,116,62.22,141.19,48.417,12.068,6.56268,0
162,-1,246,97,62.22,141.19,45.825,15.1124,11.2265,0
162,-1,77,116,74.286,168.57,16.918,7.58919,7.99776,0
162,-1,139,213,26,59,9.3232,9.16883,8.73314,0
163,-1,180,81,74.286,168.57,71.086,12.855,10.5581,0
163,-1,332,116,62.22,141.19,68.8,11.8711,7.82498,0
163,-1,436,132,56.877,129.07,68.066,11.4531,6.25762,0
163,-1,389,116,62.22,141.19,63.712,11.9836,7.14005,0
163,-1,249,85,68.041,154.4,44.457,14.9194,10.9994,0
164,-1,332,116,62.22,141.19,75.552,11.8711,7.82498,0
164,-1,179,97,62.22,141.19,68.725,14.9557,12.195,0
164,-1,427,116,62.22,141.19,61.951,12.0512,6.68306,0
164,-1,389,116,62.22,141.19,57.989,11.9836,7.14005,0
164,-1,246,97,62.22,141.19,45.29,15.1124,11.2265,0
165,-1,331,123,56.877,129.07,73.23,12.674,8.3923,0
165,-1,428,106,68.041,154.4,71.212,11.5988,6.36775,0
165,-1,176,85,68.041,154.4,70.97,14.7478,12.0434,0
165,-1,249,85,68.041,154.4,47.632,14.9194,10.9994,0
165,-1,380,116,62.22,141.19,32.631,11.9667,7.24821,0
165,-1,146,185,40,90.769,24.924,8.83057,8.29163,0
165,-1,407,116,68.041,154.4,4.5636,10.1526,5.77809,0
166,-1,176,85,68.041,154.4,67.414,14.7478,12.0434,0
166,-1,428,106,68.041,154.4,66.893,11.5988,6.36775,0
166,-1,331,115,56.877,129.07,59.183,14.0966,9.30282,0
166,-1,252,97,56.877,129.07,49.778,17.8726,13.0733,0
166,-1,380,116,62.22,141.19,44.918,11.9667,7.24821,0
166,-1,143,210,28.326,64.279,21.174,8.92794,8.48298,0
166,-1,407,116,68.041,154.4,8.8652,10.1526,5.77809,0
167,-1,179,97,62.22,141.19,69.886,14.9557,12.195,0
167,-1,332,107,62.22,141.19,60.826,13.3729,8.78274,0
167,-1,256,97,62.22,141.19,52.948,15.1342,11.0833,0
167,-1,417,106,68.041,154.4,50.613,11.5798,6.49722,0
167,-1,380,116,62.22,141.19,41.967,11.9667,7.24821,0
167,-1,100,116,74.286,168.57,34.136,7.66759,7.76987,0
167,-1,123,104,74.286,168.57,17.58,9.19451,8.64642,0
168,-1,176,85,68.041,154.4,63.692,14.7478,12.0434,0
168,-1,249,85,68.041,154.4,61.059,14.9194,10.9994,0
168,-1,417,106,68.041,154.4,57.279,11.5798,6.49722,0
168,-1,331,115,56.877,129.07,56.799,14.0966,9.30282,0
168,-1,380,116,62.22,141.19,52.072,11.9667,7.24821,0
168,-1,111,104,74.286,168.57,38.076,9.15585,8.77653,0
169,-1,179,97,62.22,141.19,65.308,14.9557,12.195,0
169,-1,322,107,62.22,141.19,65.033,13.3526,8.91216,0
169,-1,249,85,68.041,154.4,62.301,14.9194,10.9994,0
169,-1,417,106,68.041,154.4,58.609,11.5798,6.49722,0
169,-1,375,106,68.041,154.4,54.953,11.5029,6.9909,0
169,-1,123,104,74.286,168.57,36.887,9.19451,8.64642,0
169,-1,100,116,74.286,168.57,14.778,7.66759,7.76987,0
170,-1,322,107,62.22,141.19,64.209,13.3526,8.91216,0
170,-1,176,85,68.041,154.4,58.981,14.7478,12.0434,0
170,-1,249,95,68.041,154.4,51.165,13.0213,9.7001,0
170,-1,375,106,68.041,154.4,49.895,11.5029,6.9909,0
170,-1,417,106,68.041,154.4,43.301,11.5798,6.49722,0
170,-1,123,104,74.286,168.57,42.885,9.19451,8.64642,0
171,-1,180,81,74.286,168.57,62.401,12.855,10.5581,0
171,-1,322,107,62.22,141.19,61.305,13.3526,8.91216,0
171,-1,246,97,62.22,141.19,47.36,15.1124,11.2265,0
171,-1,401,181,33.548,76.129,45.304,11.978,7.17611,0
171,-1,417,106,68.041,154.4,42.454,11.5798,6.49722,0
171,-1,123,104,74.286,168.57,40.123,9.19451,8.64642,0
171,-1,344,168,68.041,154.4,5.8275,4.81,3.18157,0
172,-1,322,107,62.22,141.19,65.99,13.3526,8.91216,0
172,-1,176,85,68.041,154.4,63.497,14.7478,12.0434,0
172,-1,246,97,62.22,141.19,49.298,15.1124,11.2265,0
172,-1,417,106,68.041,154.4,47.635,11.5798,6.49722,0
172,-1,396,181,33.548,76.129,47.184,11.9686,7.2362,0
172,-1,129,149,56.877,129.07,40.243,8.43271,8.10535,0
172,-1,370,161,33.548,76.129,6.8534,15.5357,9.80795,0
173,-1,176,85,68.041,154.4,79.045,14.7478,12.0434,0
173,-1,322,107,62.22,141.19,49.828,13.3526,8.91216,0
173,-1,123,116,68.041,154.4,45.951,9.44846,8.87989,0
173,-1,423,109,43.854,99.515,45.595,23.4007,13.5817,0
173,-1,246,97,62.22,141.19,45.339,15.1124,11.2265,0
173,-1,396,181,33.548,76.129,44.7,11.9686,7.2362,0
173,-1,430,137,52,118,26.986,12.3642,6.89234,0
174,-1,176,85,68.041,154.4,77.392,14.7478,12.0434,0
174,-1,423,109,43.854,99.515,57.322,23.4007,13.5817,0
174,-1,246,97,62.22,141.19,51,15.1124,11.2265,0
174,-1,322,107,62.22,141.19,47.939,13.3526,8.91216,0
174,-1,134,116,68.041,154.4,38.884,9.48329,8.75882,0
174,-1,375,106,68.041,154.4,38.407,11.5029,6.9909,0
174,-1,430,145,52,118,34.634,11.1469,6.17993,0
175,-1,176,85,68.041,154.4,70.95,14.7478,12.0434,0
175,-1,322,107,62.22,141.19,56.669,13.3526,8.91216,0
175,-1,246,97,62.22,141.19,51.411,15.1124,11.2265,0
175,-1,370,116,62.22,141.19,49.723,11.9476,7.36837,0
175,-1,142,153,52,118,49.472,9.35074,8.65868,0
175,-1,417,116,68.041,154.4,41.314,10.1707,5.66856,0
176,-1,322,107,62.22,141.19,66.929,13.3526,8.91216,0
176,-1,176,85,68.041,154.4,63.856,14.7478,12.0434,0
176,-1,138,149,56.877,129.07,53.116,8.46152,8.01235,0
176,-1,246,97,62.22,141.19,51.76,15.1124,11.2265,0
176,-1,370,116,62.22,141.19,50.031,11.9476,7.36837,0
176,-1,423,109,43.854,99.515,38.122,23.4007,13.5817,0
176,-1,430,145,52,118,33.785,11.1469,6.17993,0
176,-1,155,106,68.041,154.4,4.047,10.9713,9.58451,0
177,-1,370,116,62.22,141.19,59.206,11.9476,7.36837,0
177,-1,322,107,62.22,141.19,56.356,13.3526,8.91216,0
177,-1,141,136,62.22,141.19,55.078,8.60197,8.04188,0
177,-1,179,97,62.22,141.19,49.386,14.9557,12.195,0
177,-1,249,95,68.041,154.4,48.323,13.0213,9.7001,0
177,-1,417,104,47.893,108.68,44.629,22.0695,12.8689,0
177,-1,429,163,43.854,99.515,30.401,11.2817,6.33455,0
177,-1,432,119,47.893,108.68,3.7717,17.9002,10.1477,0
178,-1,176,85,68.041,154.4,55.929,14.7478,12.0434,0
178,-1,312,95,68.041,154.4,55.02,13.1616,8.88847,0
178,-1,374,145,52,118,51.065,11.043,6.82375,0
178,-1,141,136,62.22,141.19,50.653,8.60197,8.04188,0
178,-1,403,88,80,181.54,46.673,10.2894,5.83508,0
178,-1,239,95,68.041,154.4,37.366,12.9974,9.82951,0
178,-1,360,192,33.548,76.129,17.204,10.2933,6.65728,0
179,-1,313,107,62.22,141.19,57.114,13.334,9.02871,0
179,-1,246,97,62.22,141.19,51.216,15.1124,11.2265,0
179,-1,146,104,74.286,168.57,48.39,9.26642,8.39761,0
179,-1,383,191,30.847,69.999,44.474,11.4815,7.12008,0
179,-1,170,68,86.667,196.67,42.388,10.4496,8.86919,0
179,-1,403,88,80,181.54,41.09,10.2894,5.83508,0
179,-1,360,192,33.548,76.129,8.9943,10.2933,6.65728,0
