4,-1,971,304,30.821,69.941,2.2534,-1,-1,-1
5,-1,744,162,28.33,64.287,8.7134,-1,-1,-1
8,-1,4,199,33.906,76.94,5.2393,-1,-1,-1
9,-1,17,99,39.966,90.691,13.437,-1,-1,-1
12,-1,710,148,30.821,69.941,12.326,-1,-1,-1
16,-1,801,171,28.33,64.287,76.165,-1,-1,-1
16,-1,831,171,28.33,64.287,51.771,-1,-1,-1
17,-1,844,175,28.33,64.287,47.844,-1,-1,-1
17,-1,724,142,39.966,90.691,13.212,-1,-1,-1
18,-1,824,171,30.821,69.941,90.812,-1,-1,-1
18,-1,857,179,28.33,64.287,52.636,-1,-1,-1
18,-1,730,143,36.879,83.686,16.527,-1,-1,-1
19,-1,838,171,30.821,69.941,68.124,-1,-1,-1
19,-1,871,176,30.821,69.941,31.077,-1,-1,-1
20,-1,852,176,30.821,69.941,88.247,-1,-1,-1
20,-1,886,167,33.906,76.94,71.5,-1,-1,-1
20,-1,843,181,30.821,69.941,29.225,-1,-1,-1
20,-1,737,135,43.612,98.967,7.0635,-1,-1,-1
21,-1,859,154,39.966,90.691,74.036,-1,-1,-1
21,-1,901,167,33.906,76.94,60.355,-1,-1,-1
22,-1,923,160,36.879,83.686,59.392,-1,-1,-1
22,-1,878,161,39.966,90.691,49.514,-1,-1,-1
22,-1,748,126,47.775,108.41,25.275,-1,-1,-1
23,-1,902,154,39.966,90.691,73.567,-1,-1,-1
23,-1,946,171,36.879,83.686,47.182,-1,-1,-1
23,-1,890,161,39.966,90.691,32.683,-1,-1,-1
23,-1,748,133,47.775,108.41,4.549,-1,-1,-1
24,-1,918,168,43.612,98.967,49.947,-1,-1,-1
24,-1,961,161,51.774,117.49,29.298,-1,-1,-1
24,-1,766,184,28.33,64.287,18.042,-1,-1,-1
24,-1,788,175,28.33,64.287,0.6235,-1,-1,-1
25,-1,946,163,47.775,108.41,50.746,-1,-1,-1
25,-1,998,170,47.775,108.41,44.814,-1,-1,-1
26,-1,969,161,51.774,117.49,56.941,-1,-1,-1
26,-1,1033,169,51.774,117.49,32.389,-1,-1,-1
27,-1,1004,158,56.818,128.93,52.873,-1,-1,-1
27,-1,1065,167,56.818,128.93,46.144,-1,-1,-1
28,-1,1114,158,67.812,153.88,55.383,-1,-1,-1
28,-1,1047,158,56.818,128.93,48.044,-1,-1,-1
28,-1,1032,188,28.33,64.287,24.492,-1,-1,-1
28,-1,815,177,36.879,83.686,16.532,-1,-1,-1
28,-1,833,176,30.821,69.941,10.16,-1,-1,-1
29,-1,1093,147,67.812,153.88,60.869,-1,-1,-1
29,-1,1177,158,67.812,153.88,27.745,-1,-1,-1
30,-1,1151,139,81.481,184.9,50.606,-1,-1,-1
31,-1,790,162,30.821,69.941,3.7826,-1,-1,-1
32,-1,797,162,33.906,76.94,12.206,-1,-1,-1
33,-1,800,167,30.821,69.941,28.681,-1,-1,-1
34,-1,809,162,30.821,69.941,15.196,-1,-1,-1
34,-1,958,188,43.612,98.967,12.233,-1,-1,-1
35,-1,818,178,33.906,76.94,9.973,-1,-1,-1
36,-1,827,175,28.33,64.287,17.15,-1,-1,-1
36,-1,1039,184,56.818,128.93,9.134,-1,-1,-1
38,-1,849,179,28.33,64.287,17.502,-1,-1,-1
38,-1,792,166,28.33,64.287,11.163,-1,-1,-1
38,-1,828,162,30.821,69.941,7.9676,-1,-1,-1
39,-1,858,148,47.775,108.41,14.591,-1,-1,-1
40,-1,881,183,33.906,76.94,22.391,-1,-1,-1
40,-1,802,157,33.906,76.94,10.185,-1,-1,-1
41,-1,895,177,36.879,83.686,24.366,-1,-1,-1
41,-1,881,181,30.821,69.941,9.157,-1,-1,-1
42,-1,912,183,36.879,83.686,31.179,-1,-1,-1
42,-1,307,176,30.821,69.941,30.625,-1,-1,-1
42,-1,901,184,28.33,64.287,3.2209,-1,-1,-1
43,-1,296,173,33.906,76.94,33.308,-1,-1,-1
43,-1,932,188,43.612,98.967,14.741,-1,-1,-1
44,-1,275,178,33.906,76.94,35.765,-1,-1,-1
44,-1,934,183,36.879,83.686,10.571,-1,-1,-1
44,-1,844,165,36.879,83.686,5.6987,-1,-1,-1
45,-1,251,173,39.966,90.691,32.831,-1,-1,-1
45,-1,959,188,33.906,76.94,24.807,-1,-1,-1
45,-1,864,162,43.612,98.967,2.3315,-1,-1,-1
46,-1,232,179,39.966,90.691,40.278,-1,-1,-1
46,-1,985,193,33.906,76.94,8.9109,-1,-1,-1
47,-1,213,175,43.612,98.967,39.781,-1,-1,-1
47,-1,1012,199,47.775,108.41,15.543,-1,-1,-1
48,-1,182,170,47.775,108.41,48.547,-1,-1,-1
48,-1,1054,192,28.33,64.287,10.535,-1,-1,-1
49,-1,159,175,43.612,98.967,34.587,-1,-1,-1
49,-1,1084,190,30.821,69.941,18.869,-1,-1,-1
50,-1,117,177,51.774,117.49,32.373,-1,-1,-1
50,-1,962,210,28.33,64.287,17.57,-1,-1,-1
50,-1,397,157,30.821,69.941,13.749,-1,-1,-1
50,-1,1116,199,33.906,76.94,10.892,-1,-1,-1
51,-1,86,177,51.774,117.49,26.639,-1,-1,-1
51,-1,388,162,30.821,69.941,16.716,-1,-1,-1
51,-1,1165,219,30.821,69.941,5.2153,-1,-1,-1
52,-1,42,184,56.818,128.93,34.045,-1,-1,-1
53,-1,1014,245,28.33,64.287,35.025,-1,-1,-1
54,-1,1049,253,28.33,64.287,19.825,-1,-1,-1
56,-1,339,165,36.879,83.686,7.5399,-1,-1,-1
57,-1,757,162,30.821,69.941,14.351,-1,-1,-1
58,-1,757,157,30.821,69.941,0.25466,-1,-1,-1
60,-1,260,162,43.612,98.967,18.953,-1,-1,-1
60,-1,722,158,28.33,64.287,10.942,-1,-1,-1
61,-1,849,166,28.33,64.287,41.888,-1,-1,-1
61,-1,770,175,28.33,64.287,8.9737,-1,-1,-1
61,-1,232,179,39.966,90.691,7.3532,-1,-1,-1
62,-1,205,161,51.774,117.49,30.476,-1,-1,-1
62,-1,857,166,28.33,64.287,29.177,-1,-1,-1
62,-1,781,171,30.821,69.941,17.709,-1,-1,-1
62,-1,849,171,28.33,64.287,9.0558,-1,-1,-1
63,-1,727,162,28.33,64.287,33.845,-1,-1,-1
63,-1,181,161,51.774,117.49,22.328,-1,-1,-1
63,-1,787,167,33.906,76.94,20.605,-1,-1,-1
64,-1,866,167,30.821,69.941,52.839,-1,-1,-1
64,-1,792,162,33.906,76.94,40.155,-1,-1,-1
64,-1,729,162,30.821,69.941,20.705,-1,-1,-1
64,-1,361,166,28.33,64.287,15.802,-1,-1,-1
64,-1,147,167,56.818,128.93,14.239,-1,-1,-1
64,-1,876,171,30.821,69.941,9.6058,-1,-1,-1
65,-1,875,162,33.906,76.94,48.343,-1,-1,-1
65,-1,798,171,36.879,83.686,21.602,-1,-1,-1
65,-1,120,167,56.818,128.93,11.612,-1,-1,-1
65,-1,865,167,33.906,76.94,4.648,-1,-1,-1
65,-1,1099,160,36.879,83.686,2.4939,-1,-1,-1
66,-1,734,157,30.821,69.941,52.822,-1,-1,-1
66,-1,804,171,36.879,83.686,38.38,-1,-1,-1
66,-1,892,175,28.33,64.287,38.025,-1,-1,-1
66,-1,65,165,62.564,141.97,16.638,-1,-1,-1
67,-1,901,162,33.906,76.94,47.335,-1,-1,-1
67,-1,811,155,43.612,98.967,43.035,-1,-1,-1
67,-1,886,162,33.906,76.94,34.094,-1,-1,-1
67,-1,734,157,30.821,69.941,22.448,-1,-1,-1
67,-1,26,165,62.564,141.97,8.0022,-1,-1,-1
68,-1,912,160,36.879,83.686,45.476,-1,-1,-1
68,-1,814,155,47.775,108.41,37.151,-1,-1,-1
68,-1,1084,166,28.33,64.287,19.095,-1,-1,-1
68,-1,891,157,33.906,76.94,14.616,-1,-1,-1
69,-1,921,161,39.966,90.691,58.053,-1,-1,-1
69,-1,740,157,33.906,76.94,49.343,-1,-1,-1
69,-1,855,165,36.879,83.686,12.087,-1,-1,-1
69,-1,821,163,47.775,108.41,9.6225,-1,-1,-1
69,-1,391,162,28.33,64.287,7.6607,-1,-1,-1
70,-1,742,148,39.966,90.691,48.902,-1,-1,-1
70,-1,939,161,39.966,90.691,43.929,-1,-1,-1
70,-1,912,167,33.906,76.94,25.122,-1,-1,-1
70,-1,296,162,33.906,76.94,21.94,-1,-1,-1
70,-1,927,167,39.966,90.691,8.4713,-1,-1,-1
70,-1,857,214,30.821,69.941,7.9634,-1,-1,-1
71,-1,747,160,36.879,83.686,48.902,-1,-1,-1
71,-1,951,173,39.966,90.691,41.774,-1,-1,-1
71,-1,280,167,33.906,76.94,40.431,-1,-1,-1
71,-1,870,214,33.906,76.94,19.662,-1,-1,-1
71,-1,928,178,33.906,76.94,17.914,-1,-1,-1
71,-1,828,171,30.821,69.941,10.103,-1,-1,-1
71,-1,374,171,28.33,64.287,7.9812,-1,-1,-1
72,-1,940,171,36.879,83.686,50,-1,-1,-1
72,-1,965,168,43.612,98.967,46.578,-1,-1,-1
72,-1,270,167,33.906,76.94,46.255,-1,-1,-1
72,-1,755,167,33.906,76.94,27.732,-1,-1,-1
72,-1,872,158,56.818,128.93,25.007,-1,-1,-1
72,-1,356,179,28.33,64.287,16.552,-1,-1,-1
72,-1,836,184,28.33,64.287,4.5204,-1,-1,-1
73,-1,761,157,33.906,76.94,50.566,-1,-1,-1
73,-1,985,161,51.774,117.49,38.259,-1,-1,-1
73,-1,954,155,47.775,108.41,33.967,-1,-1,-1
73,-1,907,158,56.818,128.93,28.479,-1,-1,-1
73,-1,254,165,36.879,83.686,24.717,-1,-1,-1
73,-1,335,176,30.821,69.941,18.753,-1,-1,-1
73,-1,1056,136,39.966,90.691,17.767,-1,-1,-1
73,-1,839,173,33.906,76.94,17.073,-1,-1,-1
73,-1,705,144,28.33,64.287,12.977,-1,-1,-1
73,-1,1110,258,28.33,64.287,8.9446,-1,-1,-1
73,-1,883,174,62.564,141.97,7.4918,-1,-1,-1
74,-1,759,160,36.879,83.686,40.404,-1,-1,-1
74,-1,1001,161,51.774,117.49,35.306,-1,-1,-1
74,-1,242,165,36.879,83.686,32.945,-1,-1,-1
74,-1,916,184,56.818,128.93,25.933,-1,-1,-1
74,-1,231,171,36.879,83.686,17.435,-1,-1,-1
74,-1,932,155,62.564,141.97,16.239,-1,-1,-1
74,-1,322,178,33.906,76.94,14.688,-1,-1,-1
74,-1,1157,261,33.906,76.94,12.2,-1,-1,-1
74,-1,961,169,51.774,117.49,8.6816,-1,-1,-1
75,-1,1021,149,56.818,128.93,47.952,-1,-1,-1
75,-1,954,149,74.021,167.97,44.516,-1,-1,-1
75,-1,764,155,43.612,98.967,35.782,-1,-1,-1
75,-1,225,165,36.879,83.686,13.948,-1,-1,-1
75,-1,304,188,28.33,64.287,11.171,-1,-1,-1
75,-1,977,138,74.021,167.97,3.5536,-1,-1,-1
76,-1,1000,149,74.021,167.97,55.538,-1,-1,-1
76,-1,776,160,36.879,83.686,41.114,-1,-1,-1
76,-1,1047,158,56.818,128.93,25.235,-1,-1,-1
76,-1,208,171,36.879,83.686,23.786,-1,-1,-1
76,-1,990,236,47.775,108.41,5.4044,-1,-1,-1
77,-1,1038,139,81.481,184.9,61.009,-1,-1,-1
77,-1,777,155,47.775,108.41,48.372,-1,-1,-1
77,-1,1063,152,81.481,184.9,32.942,-1,-1,-1
77,-1,186,162,43.612,98.967,22.371,-1,-1,-1
77,-1,818,188,28.33,64.287,12.89,-1,-1,-1
77,-1,1013,152,81.481,184.9,9.8062,-1,-1,-1
77,-1,291,173,33.906,76.94,3.8985,-1,-1,-1
78,-1,1080,146,93.84,212.95,64.379,-1,-1,-1
78,-1,794,153,51.774,117.49,38.918,-1,-1,-1
78,-1,166,168,43.612,98.967,23.514,-1,-1,-1
78,-1,833,190,30.821,69.941,19.756,-1,-1,-1
78,-1,271,171,36.879,83.686,8.1547,-1,-1,-1
79,-1,1109,167,56.818,128.93,55.875,-1,-1,-1
79,-1,802,161,51.774,117.49,51.36,-1,-1,-1
79,-1,1137,146,93.84,212.95,39.323,-1,-1,-1
79,-1,254,177,36.879,83.686,16.38,-1,-1,-1
79,-1,1062,136,39.966,90.691,6.4562,-1,-1,-1
79,-1,818,153,51.774,117.49,-0.38988,-1,-1,-1
80,-1,1153,165,62.564,141.97,64.52,-1,-1,-1
80,-1,811,158,56.818,128.93,53.865,-1,-1,-1
80,-1,117,169,51.774,117.49,13.068,-1,-1,-1
80,-1,242,188,36.879,83.686,12.943,-1,-1,-1
80,-1,1089,146,33.906,76.94,11.768,-1,-1,-1
81,-1,822,147,67.812,153.88,63.817,-1,-1,-1
81,-1,94,177,47.775,108.41,37.754,-1,-1,-1
81,-1,871,209,30.821,69.941,27.23,-1,-1,-1
81,-1,1212,247,30.821,69.941,18.969,-1,-1,-1
81,-1,164,197,39.966,90.691,8.044,-1,-1,-1
82,-1,814,210,28.33,64.287,80.892,-1,-1,-1
82,-1,831,210,28.33,64.287,68.914,-1,-1,-1
82,-1,843,158,67.812,153.88,56.288,-1,-1,-1
82,-1,823,214,28.33,64.287,27.85,-1,-1,-1
82,-1,1124,142,39.966,90.691,4.1773,-1,-1,-1
82,-1,805,214,28.33,64.287,2.5985,-1,-1,-1
83,-1,824,209,30.821,69.941,67.01,-1,-1,-1
83,-1,847,209,30.821,69.941,62.687,-1,-1,-1
83,-1,864,158,67.812,153.88,48.777,-1,-1,-1
83,-1,46,169,51.774,117.49,31.634,-1,-1,-1
83,-1,422,166,28.33,64.287,28.753,-1,-1,-1
83,-1,102,185,51.774,117.49,23.741,-1,-1,-1
83,-1,838,214,30.821,69.941,13.54,-1,-1,-1
84,-1,834,209,33.906,76.94,60.809,-1,-1,-1
84,-1,865,214,33.906,76.94,58.384,-1,-1,-1
84,-1,888,152,81.481,184.9,53.24,-1,-1,-1
84,-1,844,214,33.906,76.94,22.892,-1,-1,-1
84,-1,14,169,51.774,117.49,19.397,-1,-1,-1
84,-1,406,167,30.821,69.941,14.762,-1,-1,-1
85,-1,886,219,33.906,76.94,70.693,-1,-1,-1
85,-1,862,228,30.821,69.941,68.529,-1,-1,-1
85,-1,921,146,93.84,212.95,54.542,-1,-1,-1
85,-1,395,167,33.906,76.94,26.075,-1,-1,-1
85,-1,895,205,30.821,69.941,21.685,-1,-1,-1
85,-1,852,224,30.821,69.941,5.898,-1,-1,-1
86,-1,912,222,36.879,83.686,65.631,-1,-1,-1
86,-1,883,228,36.879,83.686,49.332,-1,-1,-1
86,-1,404,171,28.33,64.287,30.437,-1,-1,-1
86,-1,958,149,86.852,197.09,29.171,-1,-1,-1
86,-1,900,217,36.879,83.686,22.714,-1,-1,-1
86,-1,872,222,36.879,83.686,19.028,-1,-1,-1
86,-1,923,217,36.879,83.686,10.719,-1,-1,-1
87,-1,939,222,47.775,108.41,57.268,-1,-1,-1
87,-1,906,239,36.879,83.686,55.639,-1,-1,-1
87,-1,924,214,47.775,108.41,28.672,-1,-1,-1
87,-1,1022,146,93.84,212.95,24.704,-1,-1,-1
87,-1,985,243,30.821,69.941,21.793,-1,-1,-1
87,-1,374,167,33.906,76.94,17.86,-1,-1,-1
87,-1,391,175,28.33,64.287,-0.7157,-1,-1,-1
88,-1,939,236,47.775,108.41,65.127,-1,-1,-1
88,-1,977,219,56.818,128.93,58.794,-1,-1,-1
88,-1,1012,236,47.775,108.41,30.548,-1,-1,-1
88,-1,378,171,30.821,69.941,22.893,-1,-1,-1
88,-1,354,167,33.906,76.94,22.849,-1,-1,-1
88,-1,963,262,36.879,83.686,15.21,-1,-1,-1
88,-1,924,229,47.775,108.41,11.65,-1,-1,-1
89,-1,993,248,51.774,117.49,54.569,-1,-1,-1
89,-1,1037,222,62.564,141.97,48.24,-1,-1,-1
89,-1,364,167,30.821,69.941,28.724,-1,-1,-1
89,-1,1153,275,43.612,98.967,19.189,-1,-1,-1
89,-1,977,240,51.774,117.49,18.745,-1,-1,-1
89,-1,1065,237,56.818,128.93,9.2582,-1,-1,-1
89,-1,1143,174,62.564,141.97,8.6035,-1,-1,-1
90,-1,1113,248,51.774,117.49,71.567,-1,-1,-1
90,-1,339,165,36.879,83.686,37.487,-1,-1,-1
90,-1,1129,256,51.774,117.49,35.439,-1,-1,-1
90,-1,1056,266,47.775,108.41,33.681,-1,-1,-1
90,-1,1097,256,51.774,117.49,27.924,-1,-1,-1
90,-1,1166,210,67.812,153.88,18.012,-1,-1,-1
90,-1,312,161,39.966,90.691,14.484,-1,-1,-1
90,-1,482,81,30.821,69.941,3.4839,-1,-1,-1
91,-1,324,161,39.966,90.691,31.069,-1,-1,-1
91,-1,1073,200,51.774,117.49,20.503,-1,-1,-1
91,-1,879,162,28.33,64.287,19.401,-1,-1,-1
91,-1,1121,298,33.906,76.94,7.5579,-1,-1,-1
91,-1,1178,290,36.879,83.686,7.4349,-1,-1,-1
91,-1,922,146,33.906,76.94,6.734,-1,-1,-1
91,-1,1200,275,43.612,98.967,6.5889,-1,-1,-1
92,-1,1089,224,30.821,69.941,22.172,-1,-1,-1
92,-1,300,167,39.966,90.691,13.746,-1,-1,-1
92,-1,260,168,43.612,98.967,10.081,-1,-1,-1
93,-1,281,173,39.966,90.691,45.457,-1,-1,-1
93,-1,1127,233,30.821,69.941,29.037,-1,-1,-1
94,-1,265,183,36.879,83.686,27.394,-1,-1,-1
94,-1,962,166,28.33,64.287,17.709,-1,-1,-1
95,-1,975,167,30.821,69.941,50.795,-1,-1,-1
95,-1,904,167,30.821,69.941,44.008,-1,-1,-1
95,-1,232,179,39.966,90.691,36.276,-1,-1,-1
96,-1,990,167,30.821,69.941,45.957,-1,-1,-1
96,-1,909,167,30.821,69.941,41.89,-1,-1,-1
96,-1,181,169,51.774,117.49,21.976,-1,-1,-1
96,-1,999,171,30.821,69.941,15.853,-1,-1,-1
97,-1,918,167,30.821,69.941,47.983,-1,-1,-1
97,-1,1010,175,28.33,64.287,37.386,-1,-1,-1
97,-1,440,81,30.821,69.941,12.997,-1,-1,-1
98,-1,928,167,30.821,69.941,64.86,-1,-1,-1
98,-1,1016,167,33.906,76.94,35.605,-1,-1,-1
98,-1,1189,200,30.821,69.941,11.123,-1,-1,-1
98,-1,810,25,39.966,90.691,2.415,-1,-1,-1
99,-1,1031,165,36.879,83.686,61.627,-1,-1,-1
99,-1,933,167,30.821,69.941,40.068,-1,-1,-1
99,-1,425,77,30.821,69.941,11.402,-1,-1,-1
99,-1,1106,162,28.33,64.287,4.9797,-1,-1,-1
100,-1,1048,165,36.879,83.686,46.261,-1,-1,-1
100,-1,947,167,30.821,69.941,31.831,-1,-1,-1
100,-1,1063,173,33.906,76.94,4.7747,-1,-1,-1
101,-1,1065,165,36.879,83.686,41.365,-1,-1,-1
101,-1,956,167,30.821,69.941,39.782,-1,-1,-1
101,-1,1079,178,33.906,76.94,18.716,-1,-1,-1
102,-1,969,167,33.906,76.94,48.46,-1,-1,-1
102,-1,1093,162,43.612,98.967,36.942,-1,-1,-1
102,-1,1076,165,36.879,83.686,36.579,-1,-1,-1
103,-1,980,160,36.879,83.686,49.03,-1,-1,-1
103,-1,1113,162,43.612,98.967,47.097,-1,-1,-1
103,-1,1093,167,39.966,90.691,18.842,-1,-1,-1
103,-1,662,157,30.821,69.941,9.9626,-1,-1,-1
104,-1,991,160,36.879,83.686,53.428,-1,-1,-1
104,-1,1137,155,47.775,108.41,52.592,-1,-1,-1
104,-1,1120,162,43.612,98.967,28.868,-1,-1,-1
104,-1,667,157,30.821,69.941,26.972,-1,-1,-1
105,-1,1160,153,51.774,117.49,71.058,-1,-1,-1
105,-1,1002,160,36.879,83.686,50.226,-1,-1,-1
105,-1,390,58,33.906,76.94,29.492,-1,-1,-1
105,-1,1137,155,47.775,108.41,3.675,-1,-1,-1
106,-1,1013,161,39.966,90.691,52.464,-1,-1,-1
106,-1,1192,161,51.774,117.49,37.153,-1,-1,-1
107,-1,1031,165,36.879,83.686,52.571,-1,-1,-1
107,-1,923,188,28.33,64.287,14.246,-1,-1,-1
107,-1,380,50,39.966,90.691,4.8825,-1,-1,-1
108,-1,1046,162,43.612,98.967,35.391,-1,-1,-1
108,-1,677,167,30.821,69.941,22.22,-1,-1,-1
109,-1,1059,162,43.612,98.967,38.986,-1,-1,-1
109,-1,169,162,28.33,64.287,23.35,-1,-1,-1
110,-1,1079,162,43.612,98.967,37.492,-1,-1,-1
110,-1,681,157,30.821,69.941,26.556,-1,-1,-1
110,-1,145,157,33.906,76.94,16.217,-1,-1,-1
111,-1,683,162,28.33,64.287,55.16,-1,-1,-1
111,-1,1097,153,51.774,117.49,23.838,-1,-1,-1
111,-1,1019,201,28.33,64.287,15.226,-1,-1,-1
111,-1,128,148,39.966,90.691,13.746,-1,-1,-1
112,-1,683,162,28.33,64.287,47.905,-1,-1,-1
112,-1,1113,153,51.774,117.49,16.755,-1,-1,-1
112,-1,321,28,43.612,98.967,16.01,-1,-1,-1
113,-1,681,162,30.821,69.941,43.654,-1,-1,-1
113,-1,1062,210,28.33,64.287,8.3919,-1,-1,-1
113,-1,199,192,28.33,64.287,2.6787,-1,-1,-1
114,-1,1176,162,28.33,64.287,43.684,-1,-1,-1
114,-1,681,162,30.821,69.941,20.759,-1,-1,-1
115,-1,1187,149,56.818,128.93,27.519,-1,-1,-1
115,-1,292,16,47.775,108.41,2.9778,-1,-1,-1
116,-1,444,181,30.821,69.941,57.083,-1,-1,-1
117,-1,435,181,30.821,69.941,55.21,-1,-1,-1
117,-1,687,148,39.966,90.691,21.269,-1,-1,-1
118,-1,424,171,36.879,83.686,67.449,-1,-1,-1
118,-1,687,148,39.966,90.691,12.936,-1,-1,-1
119,-1,416,178,33.906,76.94,50.391,-1,-1,-1
119,-1,681,148,39.966,90.691,29.942,-1,-1,-1
120,-1,406,178,33.906,76.94,68.917,-1,-1,-1
120,-1,675,154,39.966,90.691,17.227,-1,-1,-1
121,-1,390,177,36.879,83.686,66.137,-1,-1,-1
121,-1,676,148,43.612,98.967,18.98,-1,-1,-1
121,-1,805,210,28.33,64.287,4.6154,-1,-1,-1
122,-1,374,179,39.966,90.691,67.741,-1,-1,-1
122,-1,1105,121,51.774,117.49,16.577,-1,-1,-1
123,-1,361,182,43.612,98.967,59.466,-1,-1,-1
123,-1,670,155,43.612,98.967,21.199,-1,-1,-1
123,-1,936,144,28.33,64.287,6.9973,-1,-1,-1
123,-1,1117,114,56.818,128.93,3.632,-1,-1,-1
124,-1,340,177,51.774,117.49,45.272,-1,-1,-1
124,-1,966,136,28.33,64.287,18.431,-1,-1,-1
125,-1,316,177,51.774,117.49,69.672,-1,-1,-1
125,-1,672,162,33.906,76.94,8.2802,-1,-1,-1
126,-1,301,185,51.774,117.49,37.598,-1,-1,-1
126,-1,673,160,36.879,83.686,31.902,-1,-1,-1
127,-1,285,192,51.774,117.49,32.862,-1,-1,-1
127,-1,673,160,36.879,83.686,23.75,-1,-1,-1
127,-1,988,153,28.33,64.287,19.338,-1,-1,-1
128,-1,248,184,62.564,141.97,40.409,-1,-1,-1
128,-1,669,148,39.966,90.691,23.091,-1,-1,-1
129,-1,217,189,67.812,153.88,40.665,-1,-1,-1
129,-1,663,141,43.612,98.967,15,-1,-1,-1
129,-1,1163,174,62.564,141.97,2.7383,-1,-1,-1
130,-1,185,199,67.812,153.88,21.781,-1,-1,-1
130,-1,953,144,28.33,64.287,18.977,-1,-1,-1
130,-1,662,143,36.879,83.686,9.5216,-1,-1,-1
130,-1,253,200,51.774,117.49,4.2603,-1,-1,-1
130,-1,773,197,39.966,90.691,3.5338,-1,-1,-1
131,-1,134,195,74.021,167.97,47.402,-1,-1,-1
131,-1,663,135,43.612,98.967,7.5621,-1,-1,-1
132,-1,88,206,74.021,167.97,16.552,-1,-1,-1
132,-1,1025,137,36.879,83.686,10.959,-1,-1,-1
132,-1,575,145,62.564,141.97,7.6309,-1,-1,-1
132,-1,923,18,28.33,64.287,6.9951,-1,-1,-1
132,-1,730,120,36.879,83.686,6.0356,-1,-1,-1
134,-1,725,120,36.879,83.686,26.097,-1,-1,-1
134,-1,1084,152,30.821,69.941,12.871,-1,-1,-1
134,-1,656,148,43.612,98.967,12.494,-1,-1,-1
135,-1,871,143,30.821,69.941,7.9009,-1,-1,-1
135,-1,656,148,43.612,98.967,7.8551,-1,-1,-1
136,-1,563,161,51.774,117.49,11.366,-1,-1,-1
137,-1,1011,141,33.906,76.94,25.268,-1,-1,-1
137,-1,561,147,67.812,153.88,7.3718,-1,-1,-1
138,-1,940,137,36.879,83.686,7.9133,-1,-1,-1
138,-1,545,146,93.84,212.95,4.6898,-1,-1,-1
139,-1,1026,128,43.612,98.967,28.979,-1,-1,-1
139,-1,546,155,62.564,141.97,3.6017,-1,-1,-1
140,-1,1044,136,39.966,90.691,5.6117,-1,-1,-1
141,-1,1066,128,43.612,98.967,6.0567,-1,-1,-1
143,-1,672,162,33.906,76.94,4.7958,-1,-1,-1
144,-1,673,160,36.879,83.686,27.734,-1,-1,-1
145,-1,676,155,43.612,98.967,29.592,-1,-1,-1
146,-1,679,165,36.879,83.686,13.002,-1,-1,-1
147,-1,683,155,43.612,98.967,7.1879,-1,-1,-1
149,-1,613,153,28.33,64.287,29.219,-1,-1,-1
149,-1,1062,137,67.812,153.88,21.67,-1,-1,-1
149,-1,531,146,93.84,212.95,9.0269,-1,-1,-1
150,-1,707,165,36.879,83.686,19.351,-1,-1,-1
150,-1,778,89,51.774,117.49,7.4664,-1,-1,-1
150,-1,1130,154,39.966,90.691,7.4194,-1,-1,-1
154,-1,767,167,30.821,69.941,28.749,-1,-1,-1
155,-1,771,167,33.906,76.94,17.63,-1,-1,-1
156,-1,770,171,36.879,83.686,16.112,-1,-1,-1
156,-1,615,148,30.821,69.941,10.598,-1,-1,-1
157,-1,809,171,30.821,69.941,28.151,-1,-1,-1
158,-1,824,171,30.821,69.941,33.917,-1,-1,-1
158,-1,814,192,28.33,64.287,15.901,-1,-1,-1
159,-1,827,165,36.879,83.686,7.9032,-1,-1,-1
161,-1,866,165,36.879,83.686,17.92,-1,-1,-1
162,-1,916,36,56.818,128.93,11.648,-1,-1,-1
163,-1,288,171,36.879,83.686,15.835,-1,-1,-1
163,-1,905,168,43.612,98.967,9.8663,-1,-1,-1
163,-1,611,148,36.879,83.686,1.3928,-1,-1,-1
164,-1,943,24,74.021,167.97,1.344,-1,-1,-1
165,-1,958,2,86.852,197.09,11.295,-1,-1,-1
165,-1,696,171,28.33,64.287,9.8916,-1,-1,-1
166,-1,245,181,30.821,69.941,9.3757,-1,-1,-1
166,-1,978,2,93.84,212.95,5.4734,-1,-1,-1
167,-1,609,171,28.33,64.287,1.2324,-1,-1,-1
168,-1,609,166,28.33,64.287,13.666,-1,-1,-1
169,-1,1049,170,47.775,108.41,20.128,-1,-1,-1
170,-1,606,167,30.821,69.941,16.564,-1,-1,-1
170,-1,1079,175,43.612,98.967,7.302,-1,-1,-1
171,-1,606,167,30.821,69.941,13.589,-1,-1,-1
172,-1,902,133,47.775,108.41,3.7909,-1,-1,-1
173,-1,601,167,30.821,69.941,8.3471,-1,-1,-1
174,-1,601,167,30.821,69.941,14.398,-1,-1,-1
175,-1,596,167,30.821,69.941,10.567,-1,-1,-1
177,-1,583,167,33.906,76.94,14.611,-1,-1,-1
178,-1,578,167,33.906,76.94,13.995,-1,-1,-1
178,-1,348,141,33.906,76.94,4.4737,-1,-1,-1
179,-1,425,143,30.821,69.941,3.9393,-1,-1,-1
183,-1,532,171,36.879,83.686,1.7529,-1,-1,-1
185,-1,520,171,36.879,83.686,20.631,-1,-1,-1
188,-1,515,171,36.879,83.686,16.875,-1,-1,-1
188,-1,548,158,28.33,64.287,7.763,-1,-1,-1
189,-1,515,171,36.879,83.686,18.831,-1,-1,-1
190,-1,515,173,39.966,90.691,4.071,-1,-1,-1
194,-1,535,168,43.612,98.967,7.5037,-1,-1,-1
195,-1,922,193,33.906,76.94,13.556,-1,-1,-1
195,-1,542,163,47.775,108.41,12.77,-1,-1,-1
196,-1,556,168,43.612,98.967,14.232,-1,-1,-1
197,-1,959,199,33.906,76.94,9.654,-1,-1,-1
198,-1,974,194,36.879,83.686,8.5707,-1,-1,-1
199,-1,579,170,47.775,108.41,0.37555,-1,-1,-1
200,-1,618,158,28.33,64.287,15.634,-1,-1,-1
200,-1,575,149,56.818,128.93,5.9739,-1,-1,-1
201,-1,593,158,56.818,128.93,14.979,-1,-1,-1
201,-1,157,69,36.879,83.686,7.0102,-1,-1,-1
202,-1,595,145,62.564,141.97,6.8107,-1,-1,-1
203,-1,544,136,28.33,64.287,18.39,-1,-1,-1
203,-1,753,144,28.33,64.287,4.4331,-1,-1,-1
204,-1,657,158,28.33,64.287,12.314,-1,-1,-1
205,-1,683,162,28.33,64.287,19.377,-1,-1,-1
205,-1,796,175,28.33,64.287,9.0454,-1,-1,-1
205,-1,896,126,33.906,76.94,0.8818,-1,-1,-1
206,-1,809,175,28.33,64.287,19.438,-1,-1,-1
206,-1,624,149,74.021,167.97,17.101,-1,-1,-1
206,-1,884,127,28.33,64.287,5.2644,-1,-1,-1
207,-1,1093,265,39.966,90.691,22.184,-1,-1,-1
207,-1,155,63,33.906,76.94,14.167,-1,-1,-1
207,-1,643,165,62.564,141.97,11.285,-1,-1,-1
208,-1,146,61,43.612,98.967,9.2029,-1,-1,-1
209,-1,709,171,28.33,64.287,35.025,-1,-1,-1
209,-1,145,53,33.906,76.94,15.261,-1,-1,-1
209,-1,857,186,30.821,69.941,13.55,-1,-1,-1
209,-1,632,146,93.84,212.95,12.277,-1,-1,-1
210,-1,715,167,30.821,69.941,31.456,-1,-1,-1
210,-1,632,146,93.84,212.95,19.554,-1,-1,-1
210,-1,121,50,39.966,90.691,18.456,-1,-1,-1
210,-1,1080,162,30.821,69.941,8.4667,-1,-1,-1
210,-1,870,183,33.906,76.94,5.6389,-1,-1,-1
210,-1,293,186,30.821,69.941,4.1814,-1,-1,-1
211,-1,112,44,28.33,64.287,20.662,-1,-1,-1
211,-1,900,183,36.879,83.686,18.642,-1,-1,-1
211,-1,632,146,93.84,212.95,15.383,-1,-1,-1
211,-1,104,40,28.33,64.287,5.0254,-1,-1,-1
212,-1,70,33,67.812,153.88,29.502,-1,-1,-1
212,-1,617,146,93.84,212.95,26.844,-1,-1,-1
212,-1,912,188,36.879,83.686,22.025,-1,-1,-1
212,-1,724,167,33.906,76.94,12.014,-1,-1,-1
213,-1,927,185,39.966,90.691,31.485,-1,-1,-1
213,-1,39,22,67.812,153.88,22.387,-1,-1,-1
213,-1,624,162,86.852,197.09,21.063,-1,-1,-1
213,-1,1057,117,62.564,141.97,5.0877,-1,-1,-1
213,-1,985,162,30.821,69.941,3.7289,-1,-1,-1
214,-1,7,20,62.564,141.97,16.901,-1,-1,-1
214,-1,1086,107,62.564,141.97,13.173,-1,-1,-1
214,-1,740,179,28.33,64.287,2.9634,-1,-1,-1
215,-1,725,165,36.879,83.686,34.311,-1,-1,-1
215,-1,651,162,86.852,197.09,8.9767,-1,-1,-1
216,-1,730,165,36.879,83.686,33.865,-1,-1,-1
216,-1,624,162,86.852,197.09,1.478,-1,-1,-1
217,-1,730,160,36.879,83.686,28.637,-1,-1,-1
217,-1,1141,131,28.33,64.287,7.7566,-1,-1,-1
218,-1,736,160,36.879,83.686,36.074,-1,-1,-1
219,-1,740,173,33.906,76.94,38.517,-1,-1,-1
219,-1,1032,100,33.906,76.94,4.0515,-1,-1,-1
219,-1,757,188,28.33,64.287,2.6456,-1,-1,-1
220,-1,730,155,43.612,98.967,39.344,-1,-1,-1
220,-1,1051,91,30.821,69.941,11.65,-1,-1,-1
220,-1,1184,129,30.821,69.941,2.9689,-1,-1,-1
221,-1,742,171,36.879,83.686,44.671,-1,-1,-1
222,-1,747,177,36.879,83.686,42.837,-1,-1,-1
223,-1,746,153,51.774,117.49,45.087,-1,-1,-1
223,-1,99,315,28.33,64.287,14.606,-1,-1,-1
223,-1,918,157,30.821,69.941,13.973,-1,-1,-1
223,-1,814,223,28.33,64.287,9.1048,-1,-1,-1
224,-1,741,149,56.818,128.93,51.159,-1,-1,-1
224,-1,609,153,28.33,64.287,20.479,-1,-1,-1
224,-1,724,141,56.818,128.93,8.5133,-1,-1,-1
225,-1,750,149,56.818,128.93,46.085,-1,-1,-1
225,-1,828,228,30.821,69.941,18.391,-1,-1,-1
225,-1,675,146,93.84,212.95,13.101,-1,-1,-1
226,-1,762,161,51.774,117.49,34.935,-1,-1,-1
226,-1,843,233,30.821,69.941,27.901,-1,-1,-1
226,-1,690,146,93.84,212.95,12.633,-1,-1,-1
226,-1,503,191,39.966,90.691,4.383,-1,-1,-1
227,-1,770,177,51.774,117.49,44.897,-1,-1,-1
227,-1,37,295,30.821,69.941,34.048,-1,-1,-1
227,-1,860,235,33.906,76.94,21.551,-1,-1,-1
227,-1,690,146,93.84,212.95,16.728,-1,-1,-1
228,-1,786,177,51.774,117.49,45.194,-1,-1,-1
228,-1,872,234,39.966,90.691,16.36,-1,-1,-1
228,-1,583,153,28.33,64.287,11.112,-1,-1,-1
228,-1,758,145,62.564,141.97,6.0935,-1,-1,-1
229,-1,811,215,43.612,98.967,47.297,-1,-1,-1
229,-1,895,158,67.812,153.88,11.745,-1,-1,-1
229,-1,964,148,39.966,90.691,8.2404,-1,-1,-1
229,-1,1019,205,28.33,64.287,6.8915,-1,-1,-1
230,-1,806,184,62.564,141.97,45.616,-1,-1,-1
230,-1,892,146,93.84,212.95,35.068,-1,-1,-1
231,-1,822,189,67.812,153.88,38.051,-1,-1,-1
231,-1,935,146,93.84,212.95,20.37,-1,-1,-1
231,-1,605,153,28.33,64.287,12.572,-1,-1,-1
232,-1,840,183,74.021,167.97,38.672,-1,-1,-1
232,-1,958,162,86.852,197.09,32.879,-1,-1,-1
232,-1,818,195,74.021,167.97,12.735,-1,-1,-1
233,-1,864,210,67.812,153.88,36.78,-1,-1,-1
233,-1,978,146,93.84,212.95,35.171,-1,-1,-1
233,-1,827,262,36.879,83.686,8.1691,-1,-1,-1
233,-1,906,232,51.774,117.49,4.2144,-1,-1,-1
233,-1,779,166,28.33,64.287,2.5792,-1,-1,-1
234,-1,1049,166,28.33,64.287,22.691,-1,-1,-1
234,-1,888,189,81.481,184.9,18.037,-1,-1,-1
234,-1,934,237,56.818,128.93,13.685,-1,-1,-1
235,-1,925,202,81.481,184.9,19.136,-1,-1,-1
238,-1,557,175,28.33,64.287,11.581,-1,-1,-1
239,-1,917,192,47.775,108.41,24.485,-1,-1,-1
239,-1,526,171,28.33,64.287,17.923,-1,-1,-1
239,-1,923,293,28.33,64.287,11.313,-1,-1,-1
239,-1,548,171,28.33,64.287,10.71,-1,-1,-1
239,-1,740,162,28.33,64.287,9.5534,-1,-1,-1
240,-1,531,171,28.33,64.287,62.749,-1,-1,-1
240,-1,513,171,28.33,64.287,17.14,-1,-1,-1
240,-1,945,306,28.33,64.287,16.095,-1,-1,-1
240,-1,583,177,36.879,83.686,12.138,-1,-1,-1
240,-1,522,175,28.33,64.287,9.3144,-1,-1,-1
240,-1,539,175,28.33,64.287,7.3754,-1,-1,-1
241,-1,504,175,28.33,64.287,29.459,-1,-1,-1
241,-1,1075,197,28.33,64.287,14.408,-1,-1,-1
242,-1,511,171,30.821,69.941,90.814,-1,-1,-1
242,-1,497,171,30.821,69.941,31.255,-1,-1,-1
242,-1,566,177,36.879,83.686,16.882,-1,-1,-1
242,-1,734,148,30.821,69.941,14.356,-1,-1,-1
242,-1,525,171,30.821,69.941,14.015,-1,-1,-1
242,-1,1105,145,62.564,141.97,10.394,-1,-1,-1
243,-1,497,171,30.821,69.941,69.038,-1,-1,-1
243,-1,482,171,30.821,69.941,26.078,-1,-1,-1
243,-1,568,178,33.906,76.94,21.764,-1,-1,-1
243,-1,506,176,30.821,69.941,20.878,-1,-1,-1
243,-1,1061,271,30.821,69.941,15.105,-1,-1,-1
243,-1,1134,145,62.564,141.97,13.429,-1,-1,-1
243,-1,1105,188,36.879,83.686,5.0514,-1,-1,-1
244,-1,484,167,33.906,76.94,77.8,-1,-1,-1
244,-1,474,162,33.906,76.94,11.035,-1,-1,-1
244,-1,1101,177,81.481,184.9,5.5993,-1,-1,-1
245,-1,474,167,33.906,76.94,75.404,-1,-1,-1
245,-1,975,197,28.33,64.287,11.669,-1,-1,-1
245,-1,1145,177,47.775,108.41,9.7798,-1,-1,-1
246,-1,458,173,33.906,76.94,77.492,-1,-1,-1
246,-1,491,175,28.33,64.287,39.725,-1,-1,-1
246,-1,468,178,33.906,76.94,29.801,-1,-1,-1
246,-1,1168,177,51.774,117.49,6.716,-1,-1,-1
246,-1,852,224,30.821,69.941,2.6045,-1,-1,-1
247,-1,447,173,33.906,76.94,78.884,-1,-1,-1
247,-1,483,175,28.33,64.287,61.711,-1,-1,-1
247,-1,1001,205,28.33,64.287,2.5297,-1,-1,-1
248,-1,435,171,36.879,83.686,86.285,-1,-1,-1
248,-1,474,175,28.33,64.287,62.196,-1,-1,-1
248,-1,701,162,28.33,64.287,48.736,-1,-1,-1
248,-1,709,166,28.33,64.287,26.338,-1,-1,-1
248,-1,886,292,33.906,76.94,16.68,-1,-1,-1
249,-1,424,171,36.879,83.686,62.617,-1,-1,-1
249,-1,463,171,30.821,69.941,44.156,-1,-1,-1
249,-1,705,162,30.821,69.941,34.407,-1,-1,-1
249,-1,1031,204,39.966,90.691,11.892,-1,-1,-1
250,-1,407,177,36.879,83.686,64.125,-1,-1,-1
250,-1,454,176,30.821,69.941,58.604,-1,-1,-1
250,-1,698,162,33.906,76.94,29.698,-1,-1,-1
250,-1,1056,204,39.966,90.691,7.4332,-1,-1,-1
251,-1,388,168,43.612,98.967,72.871,-1,-1,-1
251,-1,718,171,28.33,64.287,52.829,-1,-1,-1
251,-1,442,173,33.906,76.94,46.934,-1,-1,-1
251,-1,700,167,30.821,69.941,38.573,-1,-1,-1
251,-1,994,266,30.821,69.941,24.466,-1,-1,-1
252,-1,437,178,33.906,76.94,60.616,-1,-1,-1
252,-1,373,170,47.775,108.41,56.664,-1,-1,-1
252,-1,719,167,30.821,69.941,37.662,-1,-1,-1
252,-1,470,175,28.33,64.287,31.632,-1,-1,-1
252,-1,701,171,28.33,64.287,20.271,-1,-1,-1
252,-1,427,183,33.906,76.94,10.32,-1,-1,-1
252,-1,709,175,28.33,64.287,5.8727,-1,-1,-1
253,-1,424,177,36.879,83.686,72.008,-1,-1,-1
253,-1,348,169,51.774,117.49,62.56,-1,-1,-1
253,-1,705,171,30.821,69.941,39.763,-1,-1,-1
253,-1,719,167,30.821,69.941,29.549,-1,-1,-1
254,-1,332,177,51.774,117.49,70.759,-1,-1,-1
254,-1,418,177,36.879,83.686,70.408,-1,-1,-1
254,-1,456,179,28.33,64.287,54.837,-1,-1,-1
254,-1,703,167,33.906,76.94,35.551,-1,-1,-1
254,-1,724,167,33.906,76.94,26.332,-1,-1,-1
255,-1,404,179,39.966,90.691,67.973,-1,-1,-1
255,-1,306,165,62.564,141.97,55.229,-1,-1,-1
255,-1,703,167,33.906,76.94,44.875,-1,-1,-1
255,-1,729,167,33.906,76.94,36.356,-1,-1,-1
255,-1,452,179,28.33,64.287,35.14,-1,-1,-1
255,-1,417,173,39.966,90.691,27.154,-1,-1,-1
255,-1,714,173,33.906,76.94,26.578,-1,-1,-1
256,-1,286,174,62.564,141.97,59.372,-1,-1,-1
256,-1,443,179,28.33,64.287,51.207,-1,-1,-1
256,-1,713,165,36.879,83.686,48.988,-1,-1,-1
256,-1,388,170,47.775,108.41,36.553,-1,-1,-1
256,-1,730,165,36.879,83.686,36.383,-1,-1,-1
256,-1,702,171,36.879,83.686,9.6673,-1,-1,-1
256,-1,345,188,36.879,83.686,9.2625,-1,-1,-1
257,-1,258,178,67.812,153.88,68.874,-1,-1,-1
257,-1,380,169,51.774,117.49,60.673,-1,-1,-1
257,-1,713,165,36.879,83.686,35.393,-1,-1,-1
257,-1,439,184,28.33,64.287,27.264,-1,-1,-1
257,-1,327,182,43.612,98.967,24.539,-1,-1,-1
257,-1,736,167,39.966,90.691,18.096,-1,-1,-1
257,-1,361,204,39.966,90.691,10.71,-1,-1,-1
258,-1,225,172,74.021,167.97,57.25,-1,-1,-1
258,-1,364,177,51.774,117.49,48.94,-1,-1,-1
258,-1,314,177,47.775,108.41,38.983,-1,-1,-1
258,-1,430,186,30.821,69.941,26.993,-1,-1,-1
258,-1,725,165,36.879,83.686,23.232,-1,-1,-1
258,-1,750,173,33.906,76.94,22.87,-1,-1,-1
258,-1,383,167,56.818,128.93,2.7127,-1,-1,-1
259,-1,356,185,51.774,117.49,59.198,-1,-1,-1
259,-1,184,162,86.852,197.09,56.808,-1,-1,-1
259,-1,301,177,51.774,117.49,52.461,-1,-1,-1
259,-1,430,186,30.821,69.941,41.541,-1,-1,-1
259,-1,390,188,33.906,76.94,40.613,-1,-1,-1
259,-1,764,171,36.879,83.686,30.562,-1,-1,-1
259,-1,736,165,36.879,83.686,15.534,-1,-1,-1
260,-1,144,176,86.852,197.09,54.564,-1,-1,-1
260,-1,285,177,51.774,117.49,39.176,-1,-1,-1
260,-1,781,167,33.906,76.94,35.577,-1,-1,-1
260,-1,330,184,56.818,128.93,30.949,-1,-1,-1
260,-1,384,183,36.879,83.686,30.335,-1,-1,-1
260,-1,747,171,36.879,83.686,26.914,-1,-1,-1
260,-1,427,183,33.906,76.94,26.704,-1,-1,-1
260,-1,761,179,39.966,90.691,17.346,-1,-1,-1
260,-1,688,178,33.906,76.94,17.175,-1,-1,-1
261,-1,421,183,33.906,76.94,53.462,-1,-1,-1
261,-1,315,174,62.564,141.97,46.433,-1,-1,-1
261,-1,757,162,43.612,98.967,37.832,-1,-1,-1
261,-1,90,176,86.852,197.09,34.169,-1,-1,-1
261,-1,379,183,36.879,83.686,33.68,-1,-1,-1
261,-1,791,162,43.612,98.967,31.266,-1,-1,-1
261,-1,267,165,62.564,141.97,28.532,-1,-1,-1
262,-1,296,184,62.564,141.97,74.552,-1,-1,-1
262,-1,770,155,47.775,108.41,43.468,-1,-1,-1
262,-1,421,178,33.906,76.94,42.446,-1,-1,-1
262,-1,366,177,47.775,108.41,35.77,-1,-1,-1
262,-1,802,153,51.774,117.49,31.681,-1,-1,-1
262,-1,23,176,86.852,197.09,31.333,-1,-1,-1
262,-1,258,174,62.564,141.97,26.976,-1,-1,-1
262,-1,714,184,28.33,64.287,19.159,-1,-1,-1
262,-1,786,161,51.774,117.49,8.8391,-1,-1,-1
263,-1,418,177,36.879,83.686,54.47,-1,-1,-1
263,-1,271,183,74.021,167.97,52.647,-1,-1,-1
263,-1,786,161,51.774,117.49,49.857,-1,-1,-1
263,-1,361,188,43.612,98.967,35.671,-1,-1,-1
263,-1,826,161,51.774,117.49,26.054,-1,-1,-1
263,-1,237,178,67.812,153.88,1.1095,-1,-1,-1
264,-1,235,177,81.481,184.9,71.465,-1,-1,-1
264,-1,410,173,39.966,90.691,57.587,-1,-1,-1
264,-1,802,158,56.818,128.93,54.939,-1,-1,-1
264,-1,348,177,51.774,117.49,45.299,-1,-1,-1
264,-1,846,149,56.818,128.93,27.263,-1,-1,-1
264,-1,206,178,67.812,153.88,22.434,-1,-1,-1
265,-1,340,185,51.774,117.49,65.232,-1,-1,-1
265,-1,820,158,56.818,128.93,56.366,-1,-1,-1
265,-1,410,173,39.966,90.691,51.036,-1,-1,-1
265,-1,184,160,93.84,212.95,40.969,-1,-1,-1
265,-1,872,158,56.818,128.93,30.94,-1,-1,-1
265,-1,398,179,39.966,90.691,18.642,-1,-1,-1
266,-1,325,174,62.564,141.97,57.084,-1,-1,-1
266,-1,853,147,67.812,153.88,50.084,-1,-1,-1
266,-1,404,179,39.966,90.691,44.361,-1,-1,-1
266,-1,832,158,67.812,153.88,24.715,-1,-1,-1
266,-1,141,175,93.84,212.95,9.858,-1,-1,-1
266,-1,895,147,67.812,153.88,6.7991,-1,-1,-1
266,-1,783,232,28.33,64.287,1.4848,-1,-1,-1
267,-1,306,194,62.564,141.97,58.925,-1,-1,-1
267,-1,395,170,47.775,108.41,53.413,-1,-1,-1
267,-1,874,158,67.812,153.88,50.305,-1,-1,-1
267,-1,926,147,67.812,153.88,38.881,-1,-1,-1
267,-1,849,173,33.906,76.94,16.225,-1,-1,-1
267,-1,123,266,47.775,108.41,13.198,-1,-1,-1
268,-1,388,175,43.612,98.967,68.372,-1,-1,-1
268,-1,279,189,67.812,153.88,61.19,-1,-1,-1
268,-1,909,149,74.021,167.97,56.069,-1,-1,-1
268,-1,963,139,81.481,184.9,34.174,-1,-1,-1
268,-1,865,167,33.906,76.94,22.117,-1,-1,-1
269,-1,938,139,81.481,184.9,61.517,-1,-1,-1
269,-1,380,170,47.775,108.41,50.594,-1,-1,-1
269,-1,237,176,86.852,197.09,45.593,-1,-1,-1
269,-1,1013,139,81.481,184.9,19.752,-1,-1,-1
269,-1,881,167,33.906,76.94,14.816,-1,-1,-1
269,-1,724,173,33.906,76.94,9.2623,-1,-1,-1
270,-1,978,146,93.84,212.95,51.149,-1,-1,-1
270,-1,373,177,47.775,108.41,44.982,-1,-1,-1
270,-1,197,176,86.852,197.09,36.944,-1,-1,-1
270,-1,1063,152,81.481,184.9,33.363,-1,-1,-1
270,-1,893,174,62.564,141.97,17.145,-1,-1,-1
271,-1,364,177,51.774,117.49,53.366,-1,-1,-1
271,-1,1022,146,93.84,212.95,35.64,-1,-1,-1
271,-1,1123,146,93.84,212.95,33.427,-1,-1,-1
271,-1,959,266,33.906,76.94,10.486,-1,-1,-1
272,-1,356,177,51.774,117.49,56.939,-1,-1,-1
272,-1,939,155,47.775,108.41,5.3885,-1,-1,-1
272,-1,1036,290,36.879,83.686,0.91622,-1,-1,-1
273,-1,335,165,62.564,141.97,41.81,-1,-1,-1
274,-1,330,184,56.818,128.93,50.027,-1,-1,-1
274,-1,806,155,62.564,141.97,25.157,-1,-1,-1
274,-1,631,171,28.33,64.287,17.291,-1,-1,-1
275,-1,311,168,67.812,153.88,62.084,-1,-1,-1
276,-1,293,172,74.021,167.97,55.758,-1,-1,-1
277,-1,279,189,67.812,153.88,62.777,-1,-1,-1
277,-1,1093,158,67.812,153.88,17.378,-1,-1,-1
277,-1,646,173,33.906,76.94,14.632,-1,-1,-1
277,-1,940,275,28.33,64.287,9.0557,-1,-1,-1
277,-1,335,157,30.821,69.941,6.48,-1,-1,-1
278,-1,259,183,74.021,167.97,61.028,-1,-1,-1
278,-1,435,179,28.33,64.287,57.588,-1,-1,-1
278,-1,426,184,28.33,64.287,33.328,-1,-1,-1
278,-1,648,176,30.821,69.941,11.563,-1,-1,-1
279,-1,425,176,30.821,69.941,80.879,-1,-1,-1
279,-1,223,177,81.481,184.9,41.629,-1,-1,-1
279,-1,406,171,30.821,69.941,22.837,-1,-1,-1
279,-1,435,181,30.821,69.941,11.367,-1,-1,-1
280,-1,425,176,30.821,69.941,65.964,-1,-1,-1
280,-1,202,195,74.021,167.97,33.496,-1,-1,-1
281,-1,425,176,30.821,69.941,67.45,-1,-1,-1
281,-1,160,189,81.481,184.9,31.331,-1,-1,-1
282,-1,416,178,33.906,76.94,50.172,-1,-1,-1
282,-1,653,175,28.33,64.287,46.644,-1,-1,-1
282,-1,110,189,81.481,184.9,14.413,-1,-1,-1
283,-1,416,183,33.906,76.94,63.753,-1,-1,-1
283,-1,658,176,30.821,69.941,36.446,-1,-1,-1
283,-1,940,271,28.33,64.287,25.112,-1,-1,-1
284,-1,407,183,36.879,83.686,53.839,-1,-1,-1
284,-1,988,195,74.021,167.97,10.341,-1,-1,-1
285,-1,398,179,39.966,90.691,81.702,-1,-1,-1
285,-1,378,176,30.821,69.941,27.658,-1,-1,-1
285,-1,669,161,39.966,90.691,26.43,-1,-1,-1
286,-1,392,179,39.966,90.691,73.162,-1,-1,-1
286,-1,675,167,39.966,90.691,28.741,-1,-1,-1
286,-1,707,165,36.879,83.686,20.99,-1,-1,-1
287,-1,381,182,43.612,98.967,60.051,-1,-1,-1
287,-1,681,167,39.966,90.691,55.863,-1,-1,-1
287,-1,394,175,43.612,98.967,2.799,-1,-1,-1
288,-1,687,173,39.966,90.691,63.48,-1,-1,-1
288,-1,373,177,47.775,108.41,50.941,-1,-1,-1
288,-1,274,202,43.612,98.967,8.5364,-1,-1,-1
289,-1,348,177,51.774,117.49,48.192,-1,-1,-1
289,-1,693,173,39.966,90.691,23.488,-1,-1,-1
289,-1,330,192,28.33,64.287,14.117,-1,-1,-1
289,-1,253,200,51.774,117.49,2.415,-1,-1,-1
290,-1,339,176,56.818,128.93,57.738,-1,-1,-1
290,-1,703,168,43.612,98.967,31.666,-1,-1,-1
290,-1,306,173,39.966,90.691,22.762,-1,-1,-1
291,-1,321,184,56.818,128.93,37.045,-1,-1,-1
291,-1,710,168,43.612,98.967,36.396,-1,-1,-1
291,-1,787,183,33.906,76.94,12.178,-1,-1,-1
291,-1,288,194,36.879,83.686,9.5952,-1,-1,-1
292,-1,296,174,62.564,141.97,41.109,-1,-1,-1
292,-1,718,163,47.775,108.41,32.933,-1,-1,-1
292,-1,251,167,56.818,128.93,7.6413,-1,-1,-1
293,-1,730,161,51.774,117.49,53.81,-1,-1,-1
293,-1,269,178,67.812,153.88,53.274,-1,-1,-1
293,-1,225,176,56.818,128.93,29.794,-1,-1,-1
293,-1,834,199,33.906,76.94,0.99303,-1,-1,-1
294,-1,738,169,51.774,117.49,49.812,-1,-1,-1
294,-1,235,177,81.481,184.9,47.525,-1,-1,-1
294,-1,185,168,67.812,153.88,34.984,-1,-1,-1
294,-1,861,200,36.879,83.686,8.6634,-1,-1,-1
295,-1,184,176,86.852,197.09,49.385,-1,-1,-1
295,-1,750,167,56.818,128.93,47.476,-1,-1,-1
295,-1,144,168,67.812,153.88,47.012,-1,-1,-1
296,-1,130,176,86.852,197.09,46.005,-1,-1,-1
296,-1,77,162,86.852,197.09,43.469,-1,-1,-1
296,-1,777,168,43.612,98.967,33.283,-1,-1,-1
296,-1,437,167,33.906,76.94,12.995,-1,-1,-1
296,-1,770,208,43.612,98.967,10.185,-1,-1,-1
296,-1,958,258,28.33,64.287,2.4434,-1,-1,-1
297,-1,780,158,67.812,153.88,56.743,-1,-1,-1
297,-1,487,162,28.33,64.287,43.203,-1,-1,-1
297,-1,77,176,86.852,197.09,16.087,-1,-1,-1
297,-1,424,165,36.879,83.686,9.7991,-1,-1,-1
298,-1,483,162,28.33,64.287,54.808,-1,-1,-1
298,-1,806,161,74.021,167.97,50.383,-1,-1,-1
299,-1,478,162,30.821,69.941,55.955,-1,-1,-1
299,-1,834,177,51.774,117.49,24.761,-1,-1,-1
300,-1,468,162,33.906,76.94,47.203,-1,-1,-1
300,-1,863,172,74.021,167.97,29.899,-1,-1,-1
300,-1,395,193,33.906,76.94,9.4376,-1,-1,-1
301,-1,463,171,30.821,69.941,35.954,-1,-1,-1
301,-1,892,160,93.84,212.95,27.836,-1,-1,-1
302,-1,458,165,36.879,83.686,61.3,-1,-1,-1
302,-1,950,189,81.481,184.9,25.808,-1,-1,-1
302,-1,368,188,43.612,98.967,16.75,-1,-1,-1
303,-1,447,171,36.879,83.686,52.547,-1,-1,-1
303,-1,458,165,36.879,83.686,19.419,-1,-1,-1
303,-1,369,227,28.33,64.287,3.0559,-1,-1,-1
304,-1,435,162,43.612,98.967,53.276,-1,-1,-1
304,-1,804,168,43.612,98.967,29.222,-1,-1,-1
304,-1,326,243,30.821,69.941,16.651,-1,-1,-1
304,-1,361,219,28.33,64.287,12.002,-1,-1,-1
305,-1,421,168,43.612,98.967,47.922,-1,-1,-1
305,-1,714,140,28.33,64.287,28.112,-1,-1,-1
305,-1,333,222,36.879,83.686,23.606,-1,-1,-1
305,-1,838,175,43.612,98.967,14.581,-1,-1,-1
305,-1,293,216,51.774,117.49,7.4402,-1,-1,-1
306,-1,823,171,28.33,64.287,52.533,-1,-1,-1
306,-1,415,168,43.612,98.967,32.057,-1,-1,-1
306,-1,277,174,62.564,141.97,25.389,-1,-1,-1
306,-1,265,271,33.906,76.94,23.903,-1,-1,-1
306,-1,683,140,28.33,64.287,12.357,-1,-1,-1
306,-1,404,223,28.33,64.287,10.738,-1,-1,-1
306,-1,509,136,39.966,90.691,6.1373,-1,-1,-1
307,-1,836,171,28.33,64.287,37.968,-1,-1,-1
307,-1,383,158,56.818,128.93,37.116,-1,-1,-1
307,-1,687,140,28.33,64.287,17.689,-1,-1,-1
307,-1,910,240,28.33,64.287,12.052,-1,-1,-1
307,-1,209,222,62.564,141.97,8.8753,-1,-1,-1
307,-1,280,240,33.906,76.94,4.1129,-1,-1,-1
307,-1,827,175,28.33,64.287,2.9528,-1,-1,-1
308,-1,844,171,28.33,64.287,37.814,-1,-1,-1
308,-1,354,155,62.564,141.97,24.76,-1,-1,-1
308,-1,216,237,56.818,128.93,24.034,-1,-1,-1
308,-1,962,258,28.33,64.287,21.154,-1,-1,-1
308,-1,836,175,28.33,64.287,16.085,-1,-1,-1
308,-1,155,146,93.84,212.95,9.2721,-1,-1,-1
308,-1,359,252,30.821,69.941,8.5115,-1,-1,-1
309,-1,323,152,81.481,184.9,39.709,-1,-1,-1
309,-1,855,167,33.906,76.94,27.111,-1,-1,-1
309,-1,191,149,28.33,64.287,16.091,-1,-1,-1
309,-1,518,171,28.33,64.287,14.633,-1,-1,-1
309,-1,160,266,47.775,108.41,6.8734,-1,-1,-1
310,-1,870,167,33.906,76.94,49.192,-1,-1,-1
310,-1,298,152,81.481,184.9,34.979,-1,-1,-1
310,-1,271,195,74.021,167.97,20.693,-1,-1,-1
311,-1,886,167,33.906,76.94,49.752,-1,-1,-1
311,-1,237,162,86.852,197.09,46.406,-1,-1,-1
311,-1,210,189,81.481,184.9,31.342,-1,-1,-1
311,-1,500,171,28.33,64.287,15.337,-1,-1,-1
311,-1,513,175,28.33,64.287,9.7956,-1,-1,-1
311,-1,686,181,30.821,69.941,7.1612,-1,-1,-1
312,-1,170,146,93.84,212.95,39.987,-1,-1,-1
312,-1,896,173,33.906,76.94,30.106,-1,-1,-1
312,-1,698,131,33.906,76.94,13.961,-1,-1,-1
313,-1,504,175,28.33,64.287,40.854,-1,-1,-1
313,-1,917,165,36.879,83.686,26.458,-1,-1,-1
313,-1,693,178,33.906,76.94,8.8455,-1,-1,-1
313,-1,180,222,43.612,98.967,4.1085,-1,-1,-1
313,-1,119,282,43.612,98.967,2.2713,-1,-1,-1
314,-1,504,175,28.33,64.287,52.521,-1,-1,-1
314,-1,929,171,36.879,83.686,37.414,-1,-1,-1
314,-1,487,175,28.33,64.287,23.888,-1,-1,-1
314,-1,954,258,47.775,108.41,20.227,-1,-1,-1
314,-1,586,82,47.775,108.41,3.638,-1,-1,-1
314,-1,714,127,28.33,64.287,1.057,-1,-1,-1
315,-1,952,162,43.612,98.967,24.017,-1,-1,-1
315,-1,500,175,28.33,64.287,23.779,-1,-1,-1
315,-1,1000,177,81.481,184.9,13.594,-1,-1,-1
316,-1,500,175,28.33,64.287,34.978,-1,-1,-1
316,-1,478,167,30.821,69.941,24.125,-1,-1,-1
316,-1,443,153,28.33,64.287,16.938,-1,-1,-1
316,-1,16,223,28.33,64.287,13.345,-1,-1,-1
316,-1,968,183,36.879,83.686,4.6132,-1,-1,-1
317,-1,497,171,30.821,69.941,27.125,-1,-1,-1
317,-1,992,175,43.612,98.967,10.027,-1,-1,-1
318,-1,473,171,30.821,69.941,43.28,-1,-1,-1
318,-1,492,171,30.821,69.941,33.994,-1,-1,-1
318,-1,1020,170,47.775,108.41,2.7839,-1,-1,-1
318,-1,463,176,30.821,69.941,2.3381,-1,-1,-1
319,-1,463,173,33.906,76.94,35.749,-1,-1,-1
319,-1,479,173,33.906,76.94,16.304,-1,-1,-1
319,-1,1057,169,51.774,117.49,5.7601,-1,-1,-1
320,-1,458,173,33.906,76.94,53.59,-1,-1,-1
320,-1,952,257,30.821,69.941,26.929,-1,-1,-1
320,-1,1100,167,56.818,128.93,9.6377,-1,-1,-1
320,-1,208,236,28.33,64.287,9.5308,-1,-1,-1
320,-1,484,178,33.906,76.94,6.9514,-1,-1,-1
321,-1,447,171,36.879,83.686,40.431,-1,-1,-1
321,-1,1013,271,39.966,90.691,30.929,-1,-1,-1
321,-1,487,188,28.33,64.287,11.239,-1,-1,-1
321,-1,132,247,30.821,69.941,5.3757,-1,-1,-1
322,-1,441,177,36.879,83.686,41.673,-1,-1,-1
322,-1,483,184,28.33,64.287,21.944,-1,-1,-1
322,-1,753,114,36.879,83.686,20.837,-1,-1,-1
322,-1,1105,290,39.966,90.691,10.487,-1,-1,-1
322,-1,593,74,47.775,108.41,10.233,-1,-1,-1
322,-1,459,186,30.821,69.941,9.2849,-1,-1,-1
322,-1,411,157,33.906,76.94,5.9957,-1,-1,-1
323,-1,441,177,36.879,83.686,55.661,-1,-1,-1
323,-1,469,177,36.879,83.686,48.606,-1,-1,-1
323,-1,753,114,36.879,83.686,19.544,-1,-1,-1
324,-1,437,183,33.906,76.94,54.153,-1,-1,-1
324,-1,464,177,36.879,83.686,38.245,-1,-1,-1
324,-1,679,162,28.33,64.287,9.374,-1,-1,-1
324,-1,767,110,30.821,69.941,7.5703,-1,-1,-1
325,-1,430,183,36.879,83.686,39.002,-1,-1,-1
325,-1,464,183,36.879,83.686,35.466,-1,-1,-1
325,-1,719,157,30.821,69.941,24.534,-1,-1,-1
325,-1,779,118,39.966,90.691,5.0513,-1,-1,-1
325,-1,593,62,56.818,128.93,1.4835,-1,-1,-1
326,-1,421,175,43.612,98.967,44.432,-1,-1,-1
326,-1,453,185,39.966,90.691,41.877,-1,-1,-1
326,-1,729,162,30.821,69.941,15.675,-1,-1,-1
327,-1,961,257,30.821,69.941,52.045,-1,-1,-1
327,-1,410,191,39.966,90.691,47.975,-1,-1,-1
327,-1,447,185,39.966,90.691,31.088,-1,-1,-1
327,-1,734,162,30.821,69.941,24.932,-1,-1,-1
328,-1,404,191,39.966,90.691,43.779,-1,-1,-1
328,-1,447,185,39.966,90.691,42.8,-1,-1,-1
328,-1,1019,265,39.966,90.691,37.273,-1,-1,-1
328,-1,392,197,39.966,90.691,12.355,-1,-1,-1
329,-1,392,197,39.966,90.691,56.026,-1,-1,-1
329,-1,747,160,36.879,83.686,46.636,-1,-1,-1
329,-1,420,177,51.774,117.49,38.382,-1,-1,-1
329,-1,1110,290,36.879,83.686,24.509,-1,-1,-1
329,-1,361,184,28.33,64.287,14.527,-1,-1,-1
329,-1,740,204,33.906,76.94,14.21,-1,-1,-1
329,-1,802,97,51.774,117.49,3.7208,-1,-1,-1
330,-1,380,177,51.774,117.49,46.918,-1,-1,-1
330,-1,755,162,33.906,76.94,21.988,-1,-1,-1
330,-1,420,177,51.774,117.49,20.188,-1,-1,-1
330,-1,595,49,62.564,141.97,12.268,-1,-1,-1
331,-1,358,192,47.775,108.41,44.593,-1,-1,-1
331,-1,404,185,51.774,117.49,39.432,-1,-1,-1
331,-1,764,160,36.879,83.686,35.534,-1,-1,-1
331,-1,858,175,43.612,98.967,12.801,-1,-1,-1
331,-1,595,49,62.564,141.97,2.8993,-1,-1,-1
332,-1,340,200,51.774,117.49,52.842,-1,-1,-1
332,-1,373,168,67.812,153.88,33.407,-1,-1,-1
332,-1,770,160,36.879,83.686,32.328,-1,-1,-1
332,-1,724,154,39.966,90.691,16.347,-1,-1,-1
332,-1,822,87,39.966,90.691,3.9401,-1,-1,-1
333,-1,324,200,51.774,117.49,49.701,-1,-1,-1
333,-1,888,179,28.33,64.287,45.293,-1,-1,-1
333,-1,936,253,28.33,64.287,39.637,-1,-1,-1
333,-1,354,184,62.564,141.97,30.323,-1,-1,-1
333,-1,781,162,33.906,76.94,26.04,-1,-1,-1
333,-1,313,201,28.33,64.287,16.09,-1,-1,-1
333,-1,841,87,39.966,90.691,7.2275,-1,-1,-1
333,-1,373,174,62.564,141.97,3.5942,-1,-1,-1
334,-1,897,184,28.33,64.287,45.435,-1,-1,-1
334,-1,309,208,51.774,117.49,44.538,-1,-1,-1
334,-1,985,266,30.821,69.941,40.755,-1,-1,-1
334,-1,328,172,74.021,167.97,36.216,-1,-1,-1
334,-1,793,160,36.879,83.686,32.252,-1,-1,-1
334,-1,936,175,28.33,64.287,11.081,-1,-1,-1
334,-1,291,193,33.906,76.94,2.3663,-1,-1,-1
335,-1,794,153,51.774,117.49,60.19,-1,-1,-1
335,-1,905,184,28.33,64.287,58.253,-1,-1,-1
335,-1,277,203,62.564,141.97,48.027,-1,-1,-1
335,-1,321,189,67.812,153.88,42.429,-1,-1,-1
335,-1,1050,277,39.966,90.691,30.993,-1,-1,-1
335,-1,945,175,28.33,64.287,16.795,-1,-1,-1
335,-1,255,163,47.775,108.41,9.7139,-1,-1,-1
335,-1,858,73,51.774,117.49,9.4021,-1,-1,-1
336,-1,914,181,30.821,69.941,71.312,-1,-1,-1
336,-1,298,177,81.481,184.9,44.972,-1,-1,-1
336,-1,770,210,28.33,64.287,43.303,-1,-1,-1
336,-1,810,153,51.774,117.49,42.557,-1,-1,-1
336,-1,248,210,67.812,153.88,30.649,-1,-1,-1
336,-1,948,173,33.906,76.94,25.583,-1,-1,-1
337,-1,271,195,74.021,167.97,58.268,-1,-1,-1
337,-1,922,178,33.906,76.94,41.139,-1,-1,-1
337,-1,219,222,62.564,141.97,39.413,-1,-1,-1
337,-1,959,173,33.906,76.94,37.035,-1,-1,-1
337,-1,829,148,47.775,108.41,31.269,-1,-1,-1
337,-1,758,136,62.564,141.97,21.237,-1,-1,-1
337,-1,212,167,30.821,69.941,18.482,-1,-1,-1
337,-1,874,59,62.564,141.97,12.051,-1,-1,-1
338,-1,940,177,36.879,83.686,55.311,-1,-1,-1
338,-1,235,189,81.481,184.9,45.66,-1,-1,-1
338,-1,975,173,33.906,76.94,35.217,-1,-1,-1
338,-1,187,162,33.906,76.94,23.059,-1,-1,-1
338,-1,175,220,67.812,153.88,20.645,-1,-1,-1
338,-1,885,53,67.812,153.88,3.5478,-1,-1,-1
339,-1,951,177,36.879,83.686,47.716,-1,-1,-1
339,-1,864,149,56.818,128.93,41.349,-1,-1,-1
339,-1,985,171,36.879,83.686,20.144,-1,-1,-1
339,-1,132,232,62.564,141.97,14.439,-1,-1,-1
340,-1,972,175,43.612,98.967,67.403,-1,-1,-1
340,-1,928,251,33.906,76.94,48.073,-1,-1,-1
340,-1,883,145,62.564,141.97,40.011,-1,-1,-1
340,-1,1002,171,36.879,83.686,25.578,-1,-1,-1
340,-1,952,186,30.821,69.941,21.333,-1,-1,-1
340,-1,133,195,43.612,98.967,13.654,-1,-1,-1
340,-1,70,230,67.812,153.88,3.7449,-1,-1,-1
