6,1,750,166,21.118,48.313,0,-1,-1,-1
6,2,772,168,18.019,46.193,0,-1,-1,-1
7,1,756,165,18.333,49.873,0,-1,-1,-1
7,2,775,168,11.333,47.715,0,-1,-1,-1
8,1,758,164,19.181,51.537,0,-1,-1,-1
8,2,780,167,14.102,49.342,0,-1,-1,-1
9,1,761,164,19.333,53.316,0,-1,-1,-1
9,2,786,166,16.333,51.082,0,-1,-1,-1
10,1,765,163,20.063,55.222,0,-1,-1,-1
10,2,790,165,18.408,52.95,0,-1,-1,-1
11,1,769,162,20,57.27,0,-1,-1,-1
11,2,794,164,19.667,54.959,0,-1,-1,-1
12,1,773,160,23.128,59.487,1,-1,-1,-1
12,2,801,163,20.302,57.116,0,-1,-1,-1
13,1,779,160,25.333,61.888,1,-1,-1,-1
13,2,808,163,20,59.449,1,-1,-1,-1
13,4,201,165,18,57.389,0,-1,-1,-1
14,1,786,161,27.325,64.492,1,-1,-1,-1
14,2,817,163,21.524,61.983,1,-1,-1,-1
14,4,187,167,20.4,58.974,0,-1,-1,-1
15,1,793,162,28,67.324,1,-1,-1,-1
15,2,826,165,22,64.744,1,-1,-1,-1
15,4,172,168,22.333,60.648,1,-1,-1,-1
16,1,801,164,31.673,70.441,1,-1,-1,-1
16,2,836,166,25.478,67.762,1,-1,-1,-1
16,4,156,170,23.22,62.42,1,-1,-1,-1
17,1,809,165,33.667,73.861,1,-1,-1,-1
17,2,848,168,27.667,71.044,1,-1,-1,-1
17,4,141,171,23.5,64.631,1,-1,-1,-1
18,1,824,165,33.294,77.624,1,-1,-1,-1
18,2,863,169,27.582,74.658,1,-1,-1,-1
18,4,124,167,25.64,66.939,1,-1,-1,-1
19,1,839,164,30.667,81.792,1,-1,-1,-1
19,2,878,167,25.667,78.662,1,-1,-1,-1
19,4,103,166,27,67.926,1,-1,-1,-1
20,1,851,161,35.811,86.431,1,-1,-1,-1
20,2,897,164,28.439,83.1,1,-1,-1,-1
20,4,84,164,27.856,70.553,1,-1,-1,-1
21,1,864,157,38.667,91.628,1,-1,-1,-1
21,2,917,160,29.333,88.068,1,-1,-1,-1
21,4,62,162,27.667,73.391,1,-1,-1,-1
22,1,882,153,40.657,97.49,1,-1,-1,-1
22,2,937,156,34.392,93.681,1,-1,-1,-1
22,4,37,159,30.663,76.468,1,-1,-1,-1
23,1,903,153,39.333,104.17,1,-1,-1,-1
23,2,959,158,37,100.32,1,-1,-1,-1
23,4,8,164,32.5,77.615,1,-1,-1,-1
24,1,917,156,50.079,111.84,1,-1,-1,-1
24,2,980,161,39.583,107.98,1,-1,-1,-1
25,1,935,157,57,120.8,1,-1,-1,-1
25,2,1003,163,38.333,116.89,1,-1,-1,-1
26,1,962,158,69.303,131.34,1,-1,-1,-1
26,2,1039,161,46.201,127.39,1,-1,-1,-1
27,1,990,153,74.667,143.2,1,-1,-1,-1
27,2,1080,157,49.333,139.97,1,-1,-1,-1
28,1,1039,147,82.621,159.01,1,-1,-1,-1
28,2,1115,151,89.584,155.66,1,-1,-1,-1
28,3,429,178,17.809,42.99,0,-1,-1,-1
29,1,1092,137,78.667,178.63,1,-1,-1,-1
29,2,1174,145,67.029,174.96,1,-1,-1,-1
29,3,427,177,13,44.331,0,-1,-1,-1
30,1,1132,140,109.38,203.57,1,-1,-1,-1
30,3,421,178,14.73,45.679,0,-1,-1,-1
31,1,1206,146,35.283,215.86,1,-1,-1,-1
31,3,415,179,16,47.097,0,-1,-1,-1
32,3,408,181,17.637,48.629,0,-1,-1,-1
32,5,346,174,23.553,45.722,0,-1,-1,-1
33,3,401,179,18.667,50.239,0,-1,-1,-1
33,5,336,171,19,47.078,0,-1,-1,-1
34,3,395,175,17.719,51.989,0,-1,-1,-1
34,5,325,168,20.882,48.517,0,-1,-1,-1
35,3,389,173,16,53.843,0,-1,-1,-1
35,5,314,165,22,50.048,0,-1,-1,-1
36,3,380,173,18.187,55.827,0,-1,-1,-1
36,5,303,167,23.11,51.606,0,-1,-1,-1
37,3,371,175,19.667,57.909,0,-1,-1,-1
37,5,292,168,23.333,53.264,0,-1,-1,-1
38,3,362,176,20.961,60.153,1,-1,-1,-1
38,5,281,169,20.684,55.114,0,-1,-1,-1
39,3,352,178,21.333,62.578,1,-1,-1,-1
39,5,269,170,17,57.098,0,-1,-1,-1
40,3,340,177,23.896,65.238,1,-1,-1,-1
40,5,252,169,23.411,59.228,1,-1,-1,-1
41,3,328,176,25.333,68.135,1,-1,-1,-1
41,5,233,167,29,61.524,1,-1,-1,-1
42,3,313,176,28.239,71.3,1,-1,-1,-1
42,5,216,168,29.247,63.925,1,-1,-1,-1
42,6,450,165,22.385,51.334,0,-1,-1,-1
43,3,297,177,29.667,74.766,1,-1,-1,-1
43,5,198,168,28,66.521,1,-1,-1,-1
43,6,449,165,16,52.793,0,-1,-1,-1
44,3,282,179,31.132,78.585,1,-1,-1,-1
44,5,179,169,28.634,69.337,1,-1,-1,-1
44,6,443,165,17.466,54.336,0,-1,-1,-1
45,3,265,179,30.667,82.79,1,-1,-1,-1
45,5,158,169,27.667,72.403,1,-1,-1,-1
45,6,437,166,18.333,55.972,0,-1,-1,-1
46,3,246,180,33.457,87.477,1,-1,-1,-1
46,5,131,170,37.386,75.753,1,-1,-1,-1
46,6,433,166,17.526,57.709,0,-1,-1,-1
47,3,223,180,34,92.784,1,-1,-1,-1
47,5,101,170,45.333,79.384,1,-1,-1,-1
47,6,427,166,16,59.557,1,-1,-1,-1
48,3,199,180,36.952,98.785,1,-1,-1,-1
48,5,71,170,46.148,83.38,1,-1,-1,-1
48,6,417,166,19.305,61.51,1,-1,-1,-1
49,3,170,179,37,105.62,1,-1,-1,-1
49,5,39,169,43.667,87.87,1,-1,-1,-1
49,6,406,166,22,63.595,1,-1,-1,-1
50,3,135,180,44.281,113.11,1,-1,-1,-1
50,5,1,167,61.114,92.871,1,-1,-1,-1
50,6,400,165,21.286,65.826,1,-1,-1,-1
51,3,95,181,48,121.79,1,-1,-1,-1
51,6,394,165,19.667,68.221,1,-1,-1,-1
52,3,55,181,52.425,131.92,1,-1,-1,-1
52,6,383,166,22.604,70.797,1,-1,-1,-1
53,3,10,182,51.333,143.83,1,-1,-1,-1
53,6,371,165,24.667,73.56,1,-1,-1,-1
54,6,362,165,25.06,76.547,1,-1,-1,-1
55,6,351,165,24.333,79.787,1,-1,-1,-1
56,6,337,165,26.782,83.314,1,-1,-1,-1
57,6,322,165,28,87.167,1,-1,-1,-1
58,6,307,165,31.158,91.374,1,-1,-1,-1
59,6,288,164,32.667,96.223,1,-1,-1,-1
60,6,268,164,37.306,101.61,1,-1,-1,-1
60,7,727,164,20.988,59.079,1,-1,-1,-1
61,6,244,163,39.667,107.65,1,-1,-1,-1
61,7,732,164,16.667,60.965,1,-1,-1,-1
62,6,219,162,43.251,114.44,1,-1,-1,-1
62,7,737,163,15.627,62.976,1,-1,-1,-1
63,6,190,161,43.667,121.79,1,-1,-1,-1
63,7,742,163,14,65.124,1,-1,-1,-1
64,6,160,160,49.286,130.16,1,-1,-1,-1
64,7,740,162,17.099,67.423,1,-1,-1,-1
65,6,125,157,51,139.74,1,-1,-1,-1
65,7,737,162,19.667,69.891,1,-1,-1,-1
66,6,85,153,62.003,150.84,1,-1,-1,-1
66,7,740,160,20.566,72.534,1,-1,-1,-1
66,9,889,164,37.342,77.598,1,-1,-1,-1
67,6,35,149,67.667,163.87,1,-1,-1,-1
67,7,742,158,20.667,75.385,1,-1,-1,-1
67,9,908,163,26.333,81.048,1,-1,-1,-1
68,6,0,149,68.326,178.3,1,-1,-1,-1
68,7,744,156,21.457,78.469,1,-1,-1,-1
68,9,919,161,29.168,84.759,1,-1,-1,-1
68,11,318,165,33.197,67.487,1,-1,-1,-1
69,7,748,157,21.333,81.907,1,-1,-1,-1
69,8,1108,150,50.667,131.66,1,-1,-1,-1
69,9,931,163,30.667,88.979,1,-1,-1,-1
69,11,314,167,25,69.563,1,-1,-1,-1
70,7,751,159,24.87,85.592,1,-1,-1,-1
70,8,1140,150,56.814,141.2,1,-1,-1,-1
70,9,942,164,33.91,93.638,1,-1,-1,-1
70,10,916,165,28.492,83.008,1,-1,-1,-1
70,11,300,168,29.121,71.771,1,-1,-1,-1
70,12,372,167,30.769,70.902,1,-1,-1,-1
71,7,753,161,27.333,89.625,1,-1,-1,-1
71,8,1173,152,58.333,151.59,1,-1,-1,-1
71,9,954,163,35.333,98.578,1,-1,-1,-1
71,10,930,166,29,87.091,1,-1,-1,-1
71,11,285,170,32,74.124,1,-1,-1,-1
71,12,365,168,24,73.793,1,-1,-1,-1
72,7,758,159,27.556,93.819,1,-1,-1,-1
72,8,1216,149,25.23,158.85,1,-1,-1,-1
72,9,970,162,39.136,104.07,1,-1,-1,-1
72,10,944,165,33.032,91.609,1,-1,-1,-1
72,11,273,172,31.355,76.637,1,-1,-1,-1
72,12,354,168,24.343,76.926,1,-1,-1,-1
73,7,764,158,26.333,98.425,1,-1,-1,-1
73,9,988,161,40.667,110.2,1,-1,-1,-1
73,10,960,164,34.667,96.642,1,-1,-1,-1
73,11,259,171,29,79.319,1,-1,-1,-1
73,12,340,168,23.333,80.335,1,-1,-1,-1
74,7,769,156,29.775,103.51,1,-1,-1,-1
74,9,1010,160,44.191,117.1,1,-1,-1,-1
74,10,976,163,36.228,102.26,1,-1,-1,-1
74,11,245,170,31.166,82.196,1,-1,-1,-1
74,12,324,167,25.752,84.064,1,-1,-1,-1
75,7,773,154,31.667,109.27,1,-1,-1,-1
75,9,1034,158,44.667,124.92,1,-1,-1,-1
75,10,995,163,34.667,108.78,1,-1,-1,-1
75,11,230,170,31.667,85.559,1,-1,-1,-1
75,12,308,167,26.667,88.15,1,-1,-1,-1
76,7,782,153,35.578,115.71,1,-1,-1,-1
76,9,1054,159,49.213,134.09,1,-1,-1,-1
76,10,1023,162,37.884,116.19,1,-1,-1,-1
76,11,214,169,33.234,89.234,1,-1,-1,-1
76,12,291,166,32.432,92.654,1,-1,-1,-1
77,7,791,152,37.333,122.9,1,-1,-1,-1
77,9,1076,160,49.667,144.69,1,-1,-1,-1
77,10,1054,162,37.333,124.68,1,-1,-1,-1
77,11,195,169,32.667,93.184,1,-1,-1,-1
77,12,272,164,36.333,97.643,1,-1,-1,-1
78,7,801,150,39.523,131.04,1,-1,-1,-1
78,10,1094,161,43.569,134.51,1,-1,-1,-1
78,11,176,168,35.997,97.404,1,-1,-1,-1
78,12,252,163,38.438,102.84,1,-1,-1,-1
78,14,804,154,49.838,107.62,1,-1,-1,-1
79,7,812,149,38.333,140.34,1,-1,-1,-1
79,10,1138,160,45.333,146.02,1,-1,-1,-1
79,11,153,170,37,102.14,1,-1,-1,-1
79,12,228,166,37.667,108.64,1,-1,-1,-1
79,14,814,154,39.667,114.5,1,-1,-1,-1
80,7,824,148,45.452,151.05,1,-1,-1,-1
80,10,1157,160,76.609,159.23,1,-1,-1,-1
80,11,129,171,46.423,107.12,1,-1,-1,-1
80,12,207,167,41.315,115.12,1,-1,-1,-1
80,14,832,153,43.242,122.33,1,-1,-1,-1
81,7,836,146,48.667,163.54,1,-1,-1,-1
81,10,1200,160,41.136,171.95,1,-1,-1,-1
81,11,101,172,53,112.61,1,-1,-1,-1
81,12,181,166,41.667,122.41,1,-1,-1,-1
81,14,850,153,43,131.31,1,-1,-1,-1
82,7,853,144,58.202,178.27,1,-1,-1,-1
82,11,73,173,55.451,118.69,1,-1,-1,-1
82,12,151,163,50.719,130.69,1,-1,-1,-1
82,14,867,153,55.565,141.17,1,-1,-1,-1
83,7,873,140,62,196.12,1,-1,-1,-1
83,11,42,169,53.333,124.75,1,-1,-1,-1
83,12,107,163,55.667,141.65,1,-1,-1,-1
83,13,209,172,24,70.189,1,-1,-1,-1
83,14,877,151,64.333,152.6,1,-1,-1,-1
83,15,826,196,31.667,86.498,1,-1,-1,-1
84,7,898,135,77.846,217.94,1,-1,-1,-1
84,11,0,169,86.323,131.41,1,-1,-1,-1
84,12,70,161,64.545,151.82,1,-1,-1,-1
84,13,191,172,23.507,73.217,1,-1,-1,-1
84,14,905,148,66.916,167.49,1,-1,-1,-1
84,15,843,198,41.086,93.667,1,-1,-1,-1
84,16,862,197,46.535,93.904,1,-1,-1,-1
85,7,923,132,85,242.04,1,-1,-1,-1
85,11,0,170,57.701,136.76,1,-1,-1,-1
85,12,18,161,67.667,165.65,1,-1,-1,-1
85,13,171,172,21.667,76.526,1,-1,-1,-1
85,14,938,144,65,185.41,1,-1,-1,-1
85,15,861,201,47.333,102.13,1,-1,-1,-1
85,16,887,200,39,102.16,1,-1,-1,-1
86,7,964,128,112.24,246.1,1,-1,-1,-1
86,13,150,173,25.841,80.148,1,-1,-1,-1
86,14,977,140,102.49,206.43,1,-1,-1,-1
86,15,882,204,53.061,112.27,1,-1,-1,-1
86,16,912,203,41.226,111.99,1,-1,-1,-1
87,7,1008,123,124.67,251.46,1,-1,-1,-1
87,13,126,173,28.667,84.131,1,-1,-1,-1
87,14,1039,135,89.563,236.45,1,-1,-1,-1
87,15,906,207,53,124.64,1,-1,-1,-1
87,16,941,207,38,123.92,1,-1,-1,-1
87,17,909,166,22,56.465,0,-1,-1,-1
88,7,1039,115,202.29,258.86,1,-1,-1,-1
88,13,100,173,32.501,88.529,1,-1,-1,-1
88,14,1067,130,166.66,243.7,1,-1,-1,-1
88,15,936,211,68.802,140.06,1,-1,-1,-1
88,16,983,210,60.717,138.58,1,-1,-1,-1
88,17,916,166,22.737,58.174,0,-1,-1,-1
89,7,1116,107,125.46,267.24,1,-1,-1,-1
89,13,70,172,34.333,93.035,1,-1,-1,-1
89,15,976,215,76.333,158.62,1,-1,-1,-1
89,16,1032,213,76.667,157.15,1,-1,-1,-1
89,17,922,165,22.667,59.989,1,-1,-1,-1
90,7,1229,109,12.348,265.13,1,-1,-1,-1
90,13,39,170,36.942,98.025,1,-1,-1,-1
90,15,1021,220,115.59,154,1,-1,-1,-1
90,16,1078,221,120.61,153.3,1,-1,-1,-1
90,17,932,165,23.111,61.922,1,-1,-1,-1
91,13,6,170,37,103.52,1,-1,-1,-1
91,15,1089,228,143.98,146.3,1,-1,-1,-1
91,16,1158,230,83.043,143.87,1,-1,-1,-1
91,17,941,165,22.667,63.983,1,-1,-1,-1
91,18,884,166,22,58.922,0,-1,-1,-1
92,15,1182,238,58.974,135.89,1,-1,-1,-1
92,17,949,165,24.644,66.187,1,-1,-1,-1
92,18,890,165,22.897,60.425,1,-1,-1,-1
93,17,957,165,25.667,68.537,1,-1,-1,-1
93,18,895,165,23,62.005,1,-1,-1,-1
94,17,968,165,28.752,71.061,1,-1,-1,-1
94,18,900,166,24.76,63.677,1,-1,-1,-1
95,17,980,165,30.667,73.778,1,-1,-1,-1
95,18,907,168,25.667,65.555,1,-1,-1,-1
96,17,992,165,33.426,76.712,1,-1,-1,-1
96,18,915,167,26.169,67.378,1,-1,-1,-1
97,17,1004,165,34.667,79.888,1,-1,-1,-1
97,18,922,166,25.667,69.306,1,-1,-1,-1
98,17,1019,164,34.88,83.094,1,-1,-1,-1
98,18,929,166,29.53,71.346,1,-1,-1,-1
99,17,1034,164,33.333,86.568,1,-1,-1,-1
99,18,936,165,32.333,73.582,1,-1,-1,-1
100,17,1051,163,38.1,90.346,1,-1,-1,-1
100,18,948,164,33.88,75.963,1,-1,-1,-1
101,17,1069,162,41,94.468,1,-1,-1,-1
101,18,960,163,34,78.503,1,-1,-1,-1
102,17,1089,161,42.943,98.984,1,-1,-1,-1
102,18,970,162,35.144,81.219,1,-1,-1,-1
103,17,1112,159,42.333,104.37,1,-1,-1,-1
103,18,980,161,34.667,84.129,1,-1,-1,-1
104,17,1139,157,47.766,110.38,1,-1,-1,-1
104,18,993,159,36.897,87.256,1,-1,-1,-1
105,17,1167,154,50,116.92,1,-1,-1,-1
105,18,1004,157,37.333,90.336,1,-1,-1,-1
105,20,215,155,28.333,69.625,1,-1,-1,-1
106,17,1189,155,51.939,124.11,1,-1,-1,-1
106,18,1018,158,41.358,93.851,1,-1,-1,-1
106,20,201,156,31.025,71.997,1,-1,-1,-1
106,21,213,167,37.522,59.869,1,-1,-1,-1
107,17,1224,157,16.79,128.24,1,-1,-1,-1
107,18,1031,160,43.333,97.65,1,-1,-1,-1
107,20,185,158,32.333,74.535,1,-1,-1,-1
107,21,205,167,22,61.923,1,-1,-1,-1
108,18,1047,161,45.796,101.77,1,-1,-1,-1
108,20,169,156,31.382,77.231,1,-1,-1,-1
108,21,187,166,21.646,64.123,1,-1,-1,-1
109,18,1063,159,45.667,105.87,1,-1,-1,-1
109,20,155,154,28.667,80.172,1,-1,-1,-1
109,21,168,164,20.333,66.486,1,-1,-1,-1
110,18,1083,157,47.216,110.32,1,-1,-1,-1
110,20,138,153,33.597,83.347,1,-1,-1,-1
110,21,155,163,23.645,69.029,1,-1,-1,-1
111,18,1102,156,46,115.14,1,-1,-1,-1
111,19,474,174,23.333,59.74,1,-1,-1,-1
111,20,118,151,37,87.052,1,-1,-1,-1
111,21,141,162,26,71.775,1,-1,-1,-1
112,18,1122,156,52.658,120.4,1,-1,-1,-1
112,19,469,172,23.609,61.987,1,-1,-1,-1
112,20,96,148,42.998,90.514,1,-1,-1,-1
112,21,119,161,33.166,74.748,1,-1,-1,-1
113,18,1144,155,56.333,126.16,1,-1,-1,-1
113,19,464,175,23,64.225,1,-1,-1,-1
113,20,66,149,47,94.826,1,-1,-1,-1
113,21,90,161,39,78.237,1,-1,-1,-1
114,18,1146,155,95.322,132.5,1,-1,-1,-1
114,19,460,177,24.451,66.751,1,-1,-1,-1
114,20,40,150,46.009,99.568,1,-1,-1,-1
114,21,68,163,42.654,81.96,1,-1,-1,-1
115,18,1170,154,71.11,139.21,1,-1,-1,-1
115,19,455,178,25,69.516,1,-1,-1,-1
115,20,13,151,41.667,105,1,-1,-1,-1
115,21,42,165,44,86.056,1,-1,-1,-1
116,18,1197,154,44.44,142.73,1,-1,-1,-1
116,19,447,177,27.031,72.423,1,-1,-1,-1
116,20,0,148,41.061,109.9,1,-1,-1,-1
116,21,3,163,62.614,90.657,1,-1,-1,-1
117,19,438,176,28,75.583,1,-1,-1,-1
117,21,0,161,38.615,95.787,1,-1,-1,-1
118,19,430,175,30.65,79.063,1,-1,-1,-1
119,19,418,176,32,82.956,1,-1,-1,-1
120,19,404,177,37.337,87.289,1,-1,-1,-1
121,19,389,178,41,92.101,1,-1,-1,-1
122,19,375,180,42.198,97.473,1,-1,-1,-1
123,19,359,182,41,103.59,1,-1,-1,-1
124,19,344,180,46.156,110.1,1,-1,-1,-1
125,19,326,178,48.667,117.48,1,-1,-1,-1
126,19,305,178,54.961,126.08,1,-1,-1,-1
127,19,280,178,57.667,136.23,1,-1,-1,-1
128,19,252,178,67.456,147.7,1,-1,-1,-1
129,19,218,179,72.333,161.56,1,-1,-1,-1
130,19,181,179,82.773,178.28,1,-1,-1,-1
131,19,134,179,85.667,194.77,1,-1,-1,-1
132,19,77,180,99.444,194.34,1,-1,-1,-1
133,19,10,180,102,193.89,1,-1,-1,-1
208,22,739,173,43.21,71.945,1,-1,-1,-1
209,22,752,175,23,73.683,1,-1,-1,-1
210,22,759,176,27.784,75.507,1,-1,-1,-1
211,22,767,177,32,77.439,1,-1,-1,-1
211,23,729,185,20,55.716,0,-1,-1,-1
212,22,774,179,30.083,79.495,1,-1,-1,-1
212,23,731,184,21.941,57.319,0,-1,-1,-1
213,22,781,180,27.333,81.663,1,-1,-1,-1
213,23,732,183,23.333,59.017,1,-1,-1,-1
214,22,784,177,32.406,84.109,1,-1,-1,-1
214,23,732,182,26.339,60.818,1,-1,-1,-1
215,22,787,174,36.667,86.784,1,-1,-1,-1
215,23,731,182,28.667,62.733,1,-1,-1,-1
216,22,790,171,39.162,89.653,1,-1,-1,-1
216,23,734,181,30.276,64.772,1,-1,-1,-1
217,22,793,167,40.5,92.717,1,-1,-1,-1
217,23,734,180,31,67.312,1,-1,-1,-1
218,22,800,163,42.099,95.999,1,-1,-1,-1
218,23,737,178,31.75,70.059,1,-1,-1,-1
219,22,805,162,42.333,99.849,1,-1,-1,-1
219,23,740,177,31.333,73.077,1,-1,-1,-1
220,22,810,160,44.852,104.02,1,-1,-1,-1
220,23,742,175,33.809,76.376,1,-1,-1,-1
221,22,815,158,45.667,108.56,1,-1,-1,-1
221,23,744,174,35,79.987,1,-1,-1,-1
222,22,817,160,52.852,113.62,1,-1,-1,-1
222,23,748,175,36.305,83.903,1,-1,-1,-1
223,22,819,162,58,119.17,1,-1,-1,-1
223,23,752,178,36,88.22,1,-1,-1,-1
224,22,829,161,58.813,125.05,1,-1,-1,-1
224,23,758,179,36.91,93.093,1,-1,-1,-1
225,22,843,160,57.333,131.83,1,-1,-1,-1
225,23,765,180,36,98.554,1,-1,-1,-1
226,22,854,159,62.936,139.39,1,-1,-1,-1
226,23,768,179,46.01,104.6,1,-1,-1,-1
227,22,864,158,65.667,147.87,1,-1,-1,-1
227,23,771,177,54,111.49,1,-1,-1,-1
228,22,880,157,75.383,157.65,1,-1,-1,-1
228,23,782,177,58.362,119.55,1,-1,-1,-1
229,22,896,156,80.333,168.81,1,-1,-1,-1
229,23,794,179,59,128.98,1,-1,-1,-1
230,22,913,156,89.081,181.67,1,-1,-1,-1
230,23,808,182,67.349,140.1,1,-1,-1,-1
231,22,929,155,91,196.65,1,-1,-1,-1
231,23,821,182,70.333,152.94,1,-1,-1,-1
232,22,949,154,115.27,214.33,1,-1,-1,-1
232,23,837,182,81.984,168.37,1,-1,-1,-1
233,22,970,152,129.33,222.2,1,-1,-1,-1
233,23,854,183,86,187.3,1,-1,-1,-1
233,25,579,173,18,50.177,0,-1,-1,-1
234,22,1005,149,153.71,225.02,1,-1,-1,-1
234,23,881,185,96.81,189.15,1,-1,-1,-1
234,24,593,178,19.712,43.756,0,-1,-1,-1
234,25,575,173,18.465,51.59,0,-1,-1,-1
235,22,1043,145,160.33,228.54,1,-1,-1,-1
235,23,911,187,94.333,186.9,1,-1,-1,-1
235,24,591,179,15.333,44.424,0,-1,-1,-1
235,25,569,174,18.333,53.087,0,-1,-1,-1
235,28,737,168,15,45.637,0,-1,-1,-1
235,29,759,170,14.667,43.53,0,-1,-1,-1
236,22,1068,142,173.11,231.74,1,-1,-1,-1
236,23,935,190,161.07,183.98,1,-1,-1,-1
236,24,587,180,16.309,45.114,0,-1,-1,-1
236,25,563,175,20.832,54.674,0,-1,-1,-1
236,28,737,170,16.378,46.568,0,-1,-1,-1
236,29,757,170,16.521,44.433,0,-1,-1,-1
237,22,1122,139,119.28,234.83,1,-1,-1,-1
237,23,982,189,203.91,184.76,1,-1,-1,-1
237,24,582,179,17,45.869,0,-1,-1,-1
237,25,556,175,22.667,56.357,0,-1,-1,-1
237,28,736,170,17.333,47.547,0,-1,-1,-1
237,29,754,171,18,45.375,0,-1,-1,-1
238,22,1191,135,49.746,238.6,1,-1,-1,-1
238,23,1048,188,193.19,185.89,1,-1,-1,-1
238,24,578,179,18.348,46.65,0,-1,-1,-1
238,25,550,174,23.782,58.144,0,-1,-1,-1
238,28,735,170,16.905,48.568,0,-1,-1,-1
238,29,753,170,17.879,46.319,0,-1,-1,-1
238,39,1057,160,66.425,105.77,1,-1,-1,-1
238,40,1032,167,55.547,92.191,1,-1,-1,-1
239,23,1148,187,93.197,186.68,1,-1,-1,-1
239,24,571,178,19.667,47.437,0,-1,-1,-1
239,25,542,173,24,60.049,1,-1,-1,-1
239,28,733,168,16,49.625,0,-1,-1,-1
239,29,752,168,17.333,47.302,0,-1,-1,-1
239,39,1077,158,41.667,110.31,1,-1,-1,-1
239,40,1062,165,33.333,96.124,1,-1,-1,-1
240,24,564,177,18.846,48.299,0,-1,-1,-1
240,25,534,172,24.032,62.083,1,-1,-1,-1
240,28,730,166,17.37,50.727,0,-1,-1,-1
240,29,749,167,17.542,48.328,0,-1,-1,-1
240,39,1092,156,47.919,115.26,1,-1,-1,-1
240,40,1072,163,35.139,100.41,1,-1,-1,-1
241,24,558,177,17.667,49.194,0,-1,-1,-1
241,25,525,172,23,64.405,1,-1,-1,-1
241,28,727,166,18.333,52.016,0,-1,-1,-1
241,29,746,167,17.333,49.462,0,-1,-1,-1
241,39,1107,154,51.667,120.68,1,-1,-1,-1
241,40,1082,162,35,105.09,1,-1,-1,-1
242,24,550,178,17.329,50.151,0,-1,-1,-1
242,25,514,172,24.529,66.907,1,-1,-1,-1
242,28,724,165,17.932,53.372,0,-1,-1,-1
242,29,742,167,19.054,50.651,0,-1,-1,-1
242,39,1124,153,56.652,126.92,1,-1,-1,-1
242,40,1096,162,39.617,110.16,1,-1,-1,-1
243,24,542,178,16.333,51.145,0,-1,-1,-1
243,25,503,171,25.333,69.604,1,-1,-1,-1
243,28,722,165,17,54.689,0,-1,-1,-1
243,29,738,167,20.333,51.937,0,-1,-1,-1
243,39,1141,153,58,133.85,1,-1,-1,-1
243,40,1110,162,42,115.75,1,-1,-1,-1
244,24,534,177,17.801,52.151,0,-1,-1,-1
244,25,492,170,26.617,72.527,1,-1,-1,-1
244,28,719,166,17.916,56.073,0,-1,-1,-1
244,29,736,166,21.784,53.29,0,-1,-1,-1
244,39,1154,153,87.52,141.49,1,-1,-1,-1
244,40,1130,163,48.001,121.94,1,-1,-1,-1
245,24,526,177,18.667,53.298,0,-1,-1,-1
245,25,482,171,27,75.7,1,-1,-1,-1
245,28,715,166,18.333,57.529,0,-1,-1,-1
245,29,733,166,22.667,54.716,0,-1,-1,-1
245,39,1176,153,64.683,149.86,1,-1,-1,-1
245,40,1152,163,51,128.83,1,-1,-1,-1
246,24,518,177,20.68,54.495,0,-1,-1,-1
246,25,470,171,28.542,79.164,1,-1,-1,-1
246,28,712,166,17.764,59.062,1,-1,-1,-1
246,29,731,166,22.512,56.247,0,-1,-1,-1
246,39,1202,154,39.16,152.71,1,-1,-1,-1
246,40,1167,163,73.892,136.45,1,-1,-1,-1
247,24,509,177,22.667,55.668,0,-1,-1,-1
247,25,456,171,29,83.035,1,-1,-1,-1
247,28,712,165,16.667,60.912,1,-1,-1,-1
247,29,729,166,21.667,57.865,0,-1,-1,-1
247,39,1232,159,8.9155,154.97,1,-1,-1,-1
247,40,1193,164,47.924,144.29,1,-1,-1,-1
248,24,502,177,25.195,56.967,0,-1,-1,-1
248,25,442,170,34.334,87.294,1,-1,-1,-1
248,28,709,165,19.811,62.882,1,-1,-1,-1
248,29,726,166,22.843,59.58,1,-1,-1,-1
248,40,1222,164,18.674,146.11,1,-1,-1,-1
249,24,492,177,27.667,58.302,0,-1,-1,-1
249,25,425,168,37.667,92.013,1,-1,-1,-1
249,26,465,172,27,74.29,1,-1,-1,-1
249,28,707,165,22.333,64.898,1,-1,-1,-1
249,29,723,165,23.333,61.4,1,-1,-1,-1
250,24,489,177,23.753,59.568,1,-1,-1,-1
250,25,410,167,38.941,97.26,1,-1,-1,-1
250,26,457,172,27.974,77.764,1,-1,-1,-1
250,28,705,164,22.605,67.049,1,-1,-1,-1
250,29,722,166,23.595,63.369,1,-1,-1,-1
251,24,480,178,23,61.212,1,-1,-1,-1
251,25,394,167,37.333,103.12,1,-1,-1,-1
251,26,448,171,28,81.579,1,-1,-1,-1
251,28,703,164,22,69.347,1,-1,-1,-1
251,29,721,166,23,65.469,1,-1,-1,-1
252,24,471,179,25.293,62.9,1,-1,-1,-1
252,25,376,167,41.233,109.72,1,-1,-1,-1
252,26,438,172,30.874,85.734,1,-1,-1,-1
252,28,704,165,22.753,71.703,1,-1,-1,-1
252,29,722,167,22.28,67.713,1,-1,-1,-1
253,24,463,180,24,64.569,1,-1,-1,-1
253,25,356,168,42,117.19,1,-1,-1,-1
253,26,428,173,32.667,90.256,1,-1,-1,-1
253,28,707,166,22.667,74.221,1,-1,-1,-1
253,29,724,167,20.667,70.204,1,-1,-1,-1
254,24,454,181,29.289,66.287,1,-1,-1,-1
254,25,335,168,50.508,125.74,1,-1,-1,-1
254,26,424,173,32.364,95.273,1,-1,-1,-1
254,28,709,166,25.48,76.922,1,-1,-1,-1
254,29,729,168,26.45,72.885,1,-1,-1,-1
255,24,448,181,32.667,68.041,1,-1,-1,-1
255,25,313,168,55,135.86,1,-1,-1,-1
255,26,418,174,32,100.87,1,-1,-1,-1
255,28,711,167,27.333,79.828,1,-1,-1,-1
255,29,732,169,31.333,75.779,1,-1,-1,-1
256,24,444,181,32.752,69.89,1,-1,-1,-1
256,25,287,168,67.577,147.74,1,-1,-1,-1
256,26,404,174,35.412,107.31,1,-1,-1,-1
256,27,337,173,43.042,107.59,1,-1,-1,-1
256,28,720,166,30.363,83.355,1,-1,-1,-1
256,29,740,169,32.308,79.094,1,-1,-1,-1
257,24,439,181,32,71.842,1,-1,-1,-1
257,25,259,168,74,161.8,1,-1,-1,-1
257,26,387,174,36.667,114.62,1,-1,-1,-1
257,27,333,173,34.333,113.35,1,-1,-1,-1
257,28,728,166,31.667,87.209,1,-1,-1,-1
257,29,748,168,31.667,82.712,1,-1,-1,-1
258,24,440,181,31.766,73.906,1,-1,-1,-1
258,25,231,168,81.281,178.82,1,-1,-1,-1
258,26,372,173,43.702,122.99,1,-1,-1,-1
258,27,324,172,34.072,119.75,1,-1,-1,-1
258,28,733,166,33.745,91.436,1,-1,-1,-1
258,29,758,168,34.275,86.659,1,-1,-1,-1
258,41,395,178,38.775,88.009,1,-1,-1,-1
259,24,440,181,30.667,76.093,1,-1,-1,-1
259,25,194,166,78.667,199.74,1,-1,-1,-1
259,26,355,173,46,132.55,1,-1,-1,-1
259,27,312,172,32,126.92,1,-1,-1,-1
259,28,737,165,33.667,96.094,1,-1,-1,-1
259,29,768,168,35,91.002,1,-1,-1,-1
259,41,396,177,29.333,92.974,1,-1,-1,-1
260,24,433,180,31.131,78.688,1,-1,-1,-1
260,25,154,164,94.08,210.27,1,-1,-1,-1
260,26,342,172,53.522,143.71,1,-1,-1,-1
260,27,300,171,36.497,135,1,-1,-1,-1
260,28,750,163,35.806,101.06,1,-1,-1,-1
260,29,780,165,39.898,95.748,1,-1,-1,-1
260,41,391,176,35.426,98.527,1,-1,-1,-1
261,24,425,179,31,81.464,1,-1,-1,-1
261,25,93,160,96,213.64,1,-1,-1,-1
261,26,323,170,54.667,156.92,1,-1,-1,-1
261,27,285,170,39,144.17,1,-1,-1,-1
261,28,763,160,35.333,106.56,1,-1,-1,-1
261,29,793,163,42.333,101.02,1,-1,-1,-1
261,41,384,174,40.667,104.78,1,-1,-1,-1
262,24,422,178,31.772,84.439,1,-1,-1,-1
262,25,0,156,162.36,218.19,1,-1,-1,-1
262,26,305,169,65.263,172.8,1,-1,-1,-1
262,27,269,169,45.081,154.65,1,-1,-1,-1
262,28,775,155,43.376,113.05,1,-1,-1,-1
262,29,812,158,44.988,107.13,1,-1,-1,-1
262,41,377,173,46.227,111.87,1,-1,-1,-1
263,24,417,177,32,87.635,1,-1,-1,-1
263,26,279,168,67.333,192.03,1,-1,-1,-1
263,27,247,168,47.333,166.77,1,-1,-1,-1
263,28,788,155,48.667,120.43,1,-1,-1,-1
263,29,832,158,44.333,114.14,1,-1,-1,-1
263,41,365,173,49,120.12,1,-1,-1,-1
264,24,412,178,36.34,90.709,1,-1,-1,-1
264,26,247,166,81.346,208.09,1,-1,-1,-1
264,27,219,167,58.66,180.95,1,-1,-1,-1
264,28,812,154,53.785,130.27,1,-1,-1,-1
264,29,857,158,50.728,122.13,1,-1,-1,-1
264,41,356,172,54.53,129.56,1,-1,-1,-1
265,24,407,179,40.333,93.995,1,-1,-1,-1
265,26,198,164,84,210.2,1,-1,-1,-1
265,27,196,165,59.241,197.77,1,-1,-1,-1
265,28,835,153,53.667,139.24,1,-1,-1,-1
265,29,883,158,53,131.32,1,-1,-1,-1
265,41,346,171,57.333,140.61,1,-1,-1,-1
266,24,403,178,40.819,97.749,1,-1,-1,-1
266,26,91,163,178,210.89,1,-1,-1,-1
266,27,149,163,71.909,211.03,1,-1,-1,-1
266,28,859,150,57.325,150.12,1,-1,-1,-1
266,29,908,157,65.956,142,1,-1,-1,-1
266,41,330,171,65.415,154.21,1,-1,-1,-1
267,24,399,178,41.333,101.8,1,-1,-1,-1
267,26,0,160,218.01,213.69,1,-1,-1,-1
267,27,90,161,76.5,213.4,1,-1,-1,-1
267,28,884,147,55.333,162.85,1,-1,-1,-1
267,29,934,153,73,154.55,1,-1,-1,-1
267,41,307,170,70.667,170.72,1,-1,-1,-1
268,24,390,177,43.8,106.18,1,-1,-1,-1
268,26,0,156,148.73,217.84,1,-1,-1,-1
268,27,27,159,135.32,215.41,1,-1,-1,-1
268,28,911,143,72.814,178.62,1,-1,-1,-1
268,29,974,148,91.445,169.55,1,-1,-1,-1
268,41,280,169,83.587,191.17,1,-1,-1,-1
269,24,380,175,46.667,110.92,1,-1,-1,-1
269,27,0,156,102.4,218.07,1,-1,-1,-1
269,28,940,138,83,197.79,1,-1,-1,-1
269,29,1012,145,100,187.29,1,-1,-1,-1
269,41,243,168,87.333,206.44,1,-1,-1,-1
270,24,374,175,46.148,116.18,1,-1,-1,-1
270,28,985,134,91.086,221.28,1,-1,-1,-1
270,29,1066,141,117.44,209.19,1,-1,-1,-1
270,41,198,166,119.12,208.12,1,-1,-1,-1
271,24,364,175,46.667,121.94,1,-1,-1,-1
271,28,1032,128,86,245.61,1,-1,-1,-1
271,29,1103,137,118.33,236.6,1,-1,-1,-1
271,41,123,164,129.67,210.09,1,-1,-1,-1
272,24,350,175,56.232,128.28,1,-1,-1,-1
272,28,1061,122,180.28,252.17,1,-1,-1,-1
272,29,1158,134,83.423,239.57,1,-1,-1,-1
272,41,7,161,222.51,212.96,1,-1,-1,-1
273,24,336,177,60,135.43,1,-1,-1,-1
273,28,1130,116,111.32,257.74,1,-1,-1,-1
273,30,446,178,17,57.044,0,-1,-1,-1
273,41,0,164,160.44,210.01,1,-1,-1,-1
274,24,330,178,59.586,143.43,1,-1,-1,-1
274,28,1222,118,19.03,255.53,1,-1,-1,-1
274,30,443,179,18.976,58.851,0,-1,-1,-1
275,24,322,180,56.333,152.43,1,-1,-1,-1
275,30,441,181,20.333,60.84,1,-1,-1,-1
275,31,421,176,23,64.403,1,-1,-1,-1
276,24,302,184,64.183,164.24,1,-1,-1,-1
276,30,440,183,21.725,62.987,1,-1,-1,-1
276,31,419,178,24.236,66.625,1,-1,-1,-1
277,24,278,181,68.333,175.31,1,-1,-1,-1
277,30,438,181,22.333,65.149,1,-1,-1,-1
277,31,417,177,24.667,69.069,1,-1,-1,-1
278,24,253,179,87.225,188.05,1,-1,-1,-1
278,30,435,179,25.297,67.464,1,-1,-1,-1
278,31,414,174,24.308,71.665,1,-1,-1,-1
278,32,633,175,26.397,58.906,0,-1,-1,-1
279,24,213,174,100.67,199.73,1,-1,-1,-1
279,30,431,178,27.333,70.015,1,-1,-1,-1
279,31,411,172,23,74.464,1,-1,-1,-1
279,32,644,172,18.667,60.532,1,-1,-1,-1
280,24,183,175,115.88,198.65,1,-1,-1,-1
280,30,429,177,26.649,72.921,1,-1,-1,-1
280,31,407,171,25.148,77.507,1,-1,-1,-1
280,32,648,171,19.615,62.555,1,-1,-1,-1
281,24,146,176,110.33,198.46,1,-1,-1,-1
281,30,427,177,24.667,76.119,1,-1,-1,-1
281,31,401,170,26.333,80.809,1,-1,-1,-1
281,32,654,171,20,64.813,1,-1,-1,-1
282,24,59,176,180.63,198.22,1,-1,-1,-1
282,30,423,178,27.067,79.793,1,-1,-1,-1
282,31,396,172,28.284,84.382,1,-1,-1,-1
282,32,660,173,20.711,67.138,1,-1,-1,-1
283,24,0,176,202.66,197.91,1,-1,-1,-1
283,30,417,180,28.333,83.876,1,-1,-1,-1
283,31,390,174,29,88.287,1,-1,-1,-1
283,32,667,174,21,69.643,1,-1,-1,-1
283,42,1145,172,62,129.58,1,-1,-1,-1
284,24,0,177,155.51,197.49,1,-1,-1,-1
284,30,412,179,29.884,88.161,1,-1,-1,-1
284,31,383,172,32.14,92.875,1,-1,-1,-1
284,32,672,173,23.608,72.477,1,-1,-1,-1
284,42,1173,171,67.698,140.61,1,-1,-1,-1
285,30,407,178,30,92.951,1,-1,-1,-1
285,31,375,171,33.667,97.966,1,-1,-1,-1
285,32,678,172,25.667,75.549,1,-1,-1,-1
286,30,401,177,32.529,98.291,1,-1,-1,-1
286,31,367,170,36.218,103.65,1,-1,-1,-1
286,32,684,172,25.243,78.956,1,-1,-1,-1
287,30,389,177,33.333,104.71,1,-1,-1,-1
287,31,355,168,36.667,110.18,1,-1,-1,-1
287,32,691,172,24,82.684,1,-1,-1,-1
288,30,377,178,37.756,112.02,1,-1,-1,-1
288,31,340,168,41.852,117.55,1,-1,-1,-1
288,32,698,171,26.654,86.867,1,-1,-1,-1
289,30,361,178,39.667,120.37,1,-1,-1,-1
289,31,321,167,44.333,126.23,1,-1,-1,-1
289,32,705,170,28,91.496,1,-1,-1,-1
290,30,346,177,46.031,130.08,1,-1,-1,-1
290,31,303,165,49.149,136.3,1,-1,-1,-1
290,32,713,169,30.663,96.644,1,-1,-1,-1
290,33,543,180,20.403,35.129,0,-1,-1,-1
290,34,531,177,20.264,37.067,0,-1,-1,-1
291,30,327,176,48.667,141.48,1,-1,-1,-1
291,31,280,163,50,147.91,1,-1,-1,-1
291,32,720,168,31.667,102.41,1,-1,-1,-1
291,33,547,179,14,35.817,0,-1,-1,-1
291,34,534,176,15.667,37.772,0,-1,-1,-1
292,30,302,175,60.11,155.07,1,-1,-1,-1
292,31,256,161,54.825,161.67,1,-1,-1,-1
292,32,730,167,33.703,108.9,1,-1,-1,-1
292,33,547,177,14.622,36.486,0,-1,-1,-1
292,34,536,175,14.637,38.505,0,-1,-1,-1
293,30,270,174,66,171.56,1,-1,-1,-1
293,31,225,160,54.333,178.08,1,-1,-1,-1
293,32,740,166,33.667,116.27,1,-1,-1,-1
293,33,546,177,15,37.134,0,-1,-1,-1
293,34,537,175,13.333,39.223,0,-1,-1,-1
294,30,237,174,75.1,191.63,1,-1,-1,-1
294,31,189,158,66.733,198.21,1,-1,-1,-1
294,32,753,164,38.236,124.7,1,-1,-1,-1
294,33,547,177,13.79,37.805,0,-1,-1,-1
294,34,536,174,13.943,39.968,0,-1,-1,-1
295,30,191,174,74.667,200.49,1,-1,-1,-1
295,31,138,157,72,217.21,1,-1,-1,-1
295,32,766,162,40.333,134.46,1,-1,-1,-1
295,33,548,177,12.333,38.596,0,-1,-1,-1
295,34,535,174,14.333,40.786,0,-1,-1,-1
296,30,110,173,140.59,200.73,1,-1,-1,-1
296,31,46,155,135.85,219.09,1,-1,-1,-1
296,32,782,161,46.209,145.92,1,-1,-1,-1
296,33,548,177,14.458,39.42,0,-1,-1,-1
296,34,534,174,15.632,41.638,0,-1,-1,-1
297,30,24,173,173.33,201.06,1,-1,-1,-1
297,31,0,152,121.4,221.6,1,-1,-1,-1
297,32,800,160,49.333,159.51,1,-1,-1,-1
297,33,547,176,16.333,40.237,0,-1,-1,-1
297,34,533,173,16.667,42.483,0,-1,-1,-1
298,30,0,172,125.15,201.53,1,-1,-1,-1
298,32,822,158,53.277,175.89,1,-1,-1,-1
298,33,548,174,16.662,41.089,0,-1,-1,-1
298,34,532,172,16.483,43.364,0,-1,-1,-1
299,32,846,157,53.333,196.8,1,-1,-1,-1
299,33,547,175,16.667,42.017,0,-1,-1,-1
299,34,531,172,16,44.439,0,-1,-1,-1
300,32,876,155,64.588,219.39,1,-1,-1,-1
300,33,546,176,16.843,42.989,0,-1,-1,-1
300,34,530,173,17.347,45.569,0,-1,-1,-1
301,32,911,152,70.667,221.88,1,-1,-1,-1
301,33,544,177,16.667,44.022,0,-1,-1,-1
301,34,528,173,18.333,46.633,0,-1,-1,-1
302,32,945,149,103.83,225.23,1,-1,-1,-1
302,33,541,178,18.524,45.106,0,-1,-1,-1
302,34,526,174,17.826,47.748,0,-1,-1,-1
303,32,1012,144,123.78,229.94,1,-1,-1,-1
303,33,539,178,20,46.201,0,-1,-1,-1
303,34,524,174,17,48.917,0,-1,-1,-1
304,32,1104,138,136.85,236.17,1,-1,-1,-1
304,33,537,178,17.57,47.351,0,-1,-1,-1
304,34,522,174,16.989,50.153,0,-1,-1,-1
304,36,619,169,16.015,37.849,0,-1,-1,-1
304,37,631,171,16.966,38.231,0,-1,-1,-1
305,32,1230,138,10.941,235.63,1,-1,-1,-1
305,33,536,177,14.667,48.56,0,-1,-1,-1
305,34,520,173,16.667,51.453,0,-1,-1,-1
305,36,632,169,6.6667,38.658,0,-1,-1,-1
305,37,638,170,13,39.1,0,-1,-1,-1
306,33,535,177,16.349,49.833,0,-1,-1,-1
306,34,516,173,18.66,52.822,0,-1,-1,-1
306,36,630,169,11.078,39.503,0,-1,-1,-1
306,37,641,170,13.168,40.01,0,-1,-1,-1
307,33,533,177,17.667,51.175,0,-1,-1,-1
307,34,512,172,20.333,54.266,0,-1,-1,-1
307,36,627,168,15.333,40.386,0,-1,-1,-1
307,37,645,170,13,40.962,0,-1,-1,-1
308,33,532,176,19.764,52.591,0,-1,-1,-1
308,34,510,172,21.141,55.796,0,-1,-1,-1
308,36,629,168,15.023,41.309,0,-1,-1,-1
308,37,649,170,13.511,41.962,0,-1,-1,-1
309,33,531,175,21.667,54.088,0,-1,-1,-1
309,34,507,172,21.667,57.413,0,-1,-1,-1
309,36,632,167,14.333,42.275,0,-1,-1,-1
309,37,653,170,13.667,43.011,0,-1,-1,-1
310,33,526,177,21.937,55.719,0,-1,-1,-1
310,34,504,173,21.976,59.101,1,-1,-1,-1
310,36,634,168,15.561,43.514,0,-1,-1,-1
310,37,656,169,13.697,44.165,0,-1,-1,-1
311,33,521,178,22,57.447,0,-1,-1,-1
311,34,501,175,22,60.889,1,-1,-1,-1
311,35,880,168,41,83.548,1,-1,-1,-1
311,36,637,170,16.333,44.827,0,-1,-1,-1
311,37,658,169,13.333,45.383,0,-1,-1,-1
312,33,518,178,21.921,59.233,1,-1,-1,-1
312,34,499,176,22.647,62.788,1,-1,-1,-1
312,35,895,167,47.042,87.965,1,-1,-1,-1
312,36,640,171,17.778,46.221,0,-1,-1,-1
312,37,660,169,16.538,46.67,0,-1,-1,-1
313,33,514,177,21.667,61.132,1,-1,-1,-1
313,34,496,174,23,64.759,1,-1,-1,-1
313,35,911,165,50.333,92.875,1,-1,-1,-1
313,36,642,170,18.667,47.525,0,-1,-1,-1
313,37,663,168,19.333,48.032,0,-1,-1,-1
314,33,515,176,20.806,63.095,1,-1,-1,-1
314,34,492,172,22.562,66.858,1,-1,-1,-1
314,35,930,164,54.417,98.365,1,-1,-1,-1
314,36,645,169,18.459,48.904,0,-1,-1,-1
314,37,667,168,19.651,49.476,0,-1,-1,-1
315,33,517,175,19.333,65.148,1,-1,-1,-1
315,34,489,170,22.667,69.098,1,-1,-1,-1
315,35,949,162,54.667,104.55,1,-1,-1,-1
315,36,649,166,17.667,50.316,0,-1,-1,-1
315,37,670,166,19.333,50.965,0,-1,-1,-1
316,33,509,174,23.462,67.338,1,-1,-1,-1
316,34,485,169,24.096,71.463,1,-1,-1,-1
316,35,979,159,57.736,111.55,1,-1,-1,-1
316,36,653,164,18.227,51.81,0,-1,-1,-1
316,37,676,164,18.45,52.545,0,-1,-1,-1
317,33,500,172,27,69.681,1,-1,-1,-1
317,34,480,168,24.333,73.995,1,-1,-1,-1
317,35,1010,157,56,119.57,1,-1,-1,-1
317,36,655,164,18,53.424,0,-1,-1,-1
317,37,681,162,16.667,54.224,0,-1,-1,-1
318,33,497,173,28.938,72.243,1,-1,-1,-1
318,34,474,169,25.218,76.755,1,-1,-1,-1
318,35,1041,156,60.317,128.62,1,-1,-1,-1
318,36,659,164,18.908,55.143,0,-1,-1,-1
318,37,685,163,17.729,56.047,0,-1,-1,-1
319,33,494,175,30,75.001,1,-1,-1,-1
319,34,468,169,26.333,79.724,1,-1,-1,-1
319,35,1075,155,59,139.16,1,-1,-1,-1
319,36,662,165,19,56.974,0,-1,-1,-1
319,37,689,164,18,57.997,0,-1,-1,-1
320,33,491,176,30.019,77.977,1,-1,-1,-1
320,34,464,172,27.83,82.886,1,-1,-1,-1
320,35,1115,154,74.789,151.9,1,-1,-1,-1
320,36,667,166,20.62,58.931,0,-1,-1,-1
320,37,694,166,20.105,60.09,1,-1,-1,-1
321,33,486,177,29,81.199,1,-1,-1,-1
321,34,457,173,29.667,86.35,1,-1,-1,-1
321,35,1152,153,83.333,167.21,1,-1,-1,-1
321,36,671,166,21.333,61.014,1,-1,-1,-1
321,37,700,166,21.333,62.334,1,-1,-1,-1
322,33,482,176,27.76,84.41,1,-1,-1,-1
322,34,451,171,30.61,90.067,1,-1,-1,-1
322,35,1184,150,56.56,177.31,1,-1,-1,-1
322,36,675,165,22.865,63.249,1,-1,-1,-1
322,37,706,164,24.04,64.704,1,-1,-1,-1
323,33,476,174,25.667,87.888,1,-1,-1,-1
323,34,446,171,31.333,93.855,1,-1,-1,-1
323,36,679,164,23.333,65.611,1,-1,-1,-1
323,37,712,162,25.667,67.091,1,-1,-1,-1
324,33,472,175,30.912,91.668,1,-1,-1,-1
324,34,441,170,32.142,97.976,1,-1,-1,-1
324,36,685,162,26.354,68.156,1,-1,-1,-1
324,37,720,160,25.888,69.662,1,-1,-1,-1
325,33,466,175,35.333,95.787,1,-1,-1,-1
325,34,435,169,32,102.47,1,-1,-1,-1
325,36,691,162,28.333,70.907,1,-1,-1,-1
325,37,726,160,25,72.513,1,-1,-1,-1
326,33,461,176,36.263,100.35,1,-1,-1,-1
326,34,427,170,34.163,107.63,1,-1,-1,-1
326,36,697,162,30.866,73.89,1,-1,-1,-1
326,37,734,161,28.087,75.608,1,-1,-1,-1
326,38,389,168,35.274,70.415,1,-1,-1,-1
327,33,454,176,36,105.37,1,-1,-1,-1
327,34,419,171,34.667,113.34,1,-1,-1,-1
327,36,702,163,32,77.162,1,-1,-1,-1
327,37,742,161,30,78.979,1,-1,-1,-1
327,38,384,168,29.333,73.272,1,-1,-1,-1
328,33,445,177,39.988,110.92,1,-1,-1,-1
328,34,407,172,40.008,119.69,1,-1,-1,-1
328,36,709,162,33.286,80.531,1,-1,-1,-1
328,37,748,160,29.605,82.674,1,-1,-1,-1
328,38,374,169,31.012,76.371,1,-1,-1,-1
329,33,435,177,42.667,117.06,1,-1,-1,-1
329,34,391,171,43.333,126.23,1,-1,-1,-1
329,36,715,161,33,84.207,1,-1,-1,-1
329,37,754,159,27.667,86.731,1,-1,-1,-1
329,38,363,170,31.333,79.744,1,-1,-1,-1
330,33,424,178,45.633,124.07,1,-1,-1,-1
330,34,380,171,48.47,133.53,1,-1,-1,-1
330,36,720,160,36.553,88.265,1,-1,-1,-1
330,37,761,157,30.675,90.69,1,-1,-1,-1
330,38,351,169,32.475,83.422,1,-1,-1,-1
331,33,412,178,47,131.98,1,-1,-1,-1
331,34,365,169,49,141.17,1,-1,-1,-1
331,36,725,160,38.333,92.768,1,-1,-1,-1
331,37,767,157,32.333,95.079,1,-1,-1,-1
331,38,338,168,32,87.456,1,-1,-1,-1
332,33,396,178,50.871,139.93,1,-1,-1,-1
332,34,347,171,55.224,149.76,1,-1,-1,-1
332,36,733,160,39.143,97.757,1,-1,-1,-1
332,37,775,157,41.047,99.915,1,-1,-1,-1
332,38,322,169,33.262,91.966,1,-1,-1,-1
333,33,377,178,52,148.88,1,-1,-1,-1
333,34,326,173,56.333,159.46,1,-1,-1,-1
333,36,739,160,37.667,102.8,1,-1,-1,-1
333,37,782,157,48,105.27,1,-1,-1,-1
333,38,305,169,32.667,96.967,1,-1,-1,-1
334,33,358,178,56.028,159.04,1,-1,-1,-1
334,34,305,172,62.942,170.23,1,-1,-1,-1
334,36,747,159,39.634,108.4,1,-1,-1,-1
334,37,793,156,44.728,111.22,1,-1,-1,-1
334,38,290,169,33.068,102.54,1,-1,-1,-1
335,33,337,180,53,170.9,1,-1,-1,-1
335,34,280,170,63.667,182.55,1,-1,-1,-1
335,36,754,158,39.333,114.64,1,-1,-1,-1
335,37,806,154,38.5,117.8,1,-1,-1,-1
335,38,273,168,31.333,108.29,1,-1,-1,-1
336,33,314,182,61.97,184.68,1,-1,-1,-1
336,34,254,171,71.903,196.78,1,-1,-1,-1
336,36,762,157,45.507,121.64,1,-1,-1,-1
336,37,819,151,44.716,124.79,1,-1,-1,-1
336,38,250,168,49.07,114.72,1,-1,-1,-1
337,33,285,180,66,193.7,1,-1,-1,-1
337,34,221,173,72.667,201.03,1,-1,-1,-1
337,36,770,153,49,129.44,1,-1,-1,-1
337,37,831,148,48.333,132.66,1,-1,-1,-1
337,38,220,166,64.667,122.1,1,-1,-1,-1
338,33,248,178,74.793,195.72,1,-1,-1,-1
338,34,182,170,86.653,203.59,1,-1,-1,-1
338,36,785,151,53.609,138.37,1,-1,-1,-1
338,37,849,145,53.37,141.62,1,-1,-1,-1
338,38,187,164,68.703,130.37,1,-1,-1,-1
339,33,200,176,74.333,198.12,1,-1,-1,-1
339,34,131,167,91,206.65,1,-1,-1,-1
339,36,800,148,54.333,148.62,1,-1,-1,-1
339,37,868,143,54.667,151.88,1,-1,-1,-1
339,38,150,162,67.667,139.84,1,-1,-1,-1
340,33,131,173,148.73,201.04,1,-1,-1,-1
340,34,46,164,163.59,210.39,1,-1,-1,-1
340,36,795,145,87.078,160.52,1,-1,-1,-1
340,37,870,140,91.898,163.79,1,-1,-1,-1
