1,-1,45,184,62.22,141.19,50.514,-5.3307,12.255,0.694
2,-1,45,193,62.22,141.19,43.677,-4.9632,11.847,0.69273
2,-1,217,219,28.326,64.279,19.436,-5.6388,17.664,0.52057
2,-1,252,176,56.877,129.07,13.865,-3.6504,14.644,0.58885
3,-1,36,193,62.22,141.19,44.472,-5.0433,11.85,0.68372
3,-1,219,225,26,59,34.223,-5.5107,17.42,0.51276
3,-1,246,164,62.22,141.19,10.329,-3.6711,14.525,0.58389
4,-1,29,179,68.041,154.4,38.144,-5.1324,11.952,0.68524
4,-1,219,229,26,59,17.081,-5.1931,16.652,0.53413
4,-1,160,193,47.893,108.68,16.498,-5.1107,14.553,0.60087
4,-1,246,164,62.22,141.19,14.129,-3.6799,14.553,0.58211
4,-1,286,185,52,118,9.9218,-3.2705,14.936,0.56437
5,-1,18,179,68.041,154.4,39.122,-5.2511,11.986,0.68657
5,-1,219,225,26,59,37.332,-5.5229,17.468,0.51588
5,-1,252,176,56.877,129.07,14.141,-3.6953,14.747,0.57916
5,-1,160,193,47.893,108.68,11.596,-5.1397,14.631,0.60114
5,-1,286,193,52,118,3.8959,-3.1355,14.284,0.58678
6,-1,215,225,26,59,37.234,-5.6595,17.582,0.51072
6,-1,17,184,62.22,141.19,36.78,-5.682,12.453,0.67768
6,-1,294,193,52,118,32.777,-3.0725,14.411,0.57933
6,-1,252,184,56.877,129.07,10.283,-3.509,14.089,0.59559
7,-1,8,189,68.041,154.4,30.04,-5.1039,11.797,0.69327
7,-1,217,223,28.326,64.279,29.442,-5.409,17.141,0.51912
7,-1,252,184,56.877,129.07,15.351,-3.5574,14.252,0.58868
7,-1,300,200,47.893,108.68,10.42,-3.1052,14.767,0.56489
7,-1,373,210,30.847,69.999,0.80496,-2.5865,19.623,0.39502
8,-1,212,223,28.326,64.279,38.252,-5.4595,17.093,0.51378
8,-1,294,193,52,118,28.794,-3.129,14.627,0.56564
8,-1,252,184,56.877,129.07,25.928,-3.5669,14.301,0.5826
8,-1,-3,173,74.286,168.57,17.792,-5.2307,11.903,0.68625
8,-1,150,193,52,118,9.0222,-4.9149,14.087,0.60809
9,-1,211,225,26,59,30.949,-5.8826,18.007,0.48141
9,-1,307,253,26,59,11.615,-3.1586,14.727,0.55685
9,-1,262,193,52,118,4.3728,-3.5729,14.666,0.56501
10,-1,208,223,28.326,64.279,36.124,-5.565,17.184,0.50312
10,-1,261,176,56.877,129.07,3.407,-3.7204,15.249,0.54338
10,-1,307,253,26,59,2.7882,-3.169,14.732,0.5532
10,-1,146,222,40,90.769,1.9305,-4.9877,14.043,0.60751
11,-1,207,219,30.847,69.999,43.755,-5.3682,16.795,0.5083
11,-1,262,185,52,118,12.383,-3.7765,15.389,0.5349
12,-1,203,224,30.847,69.999,25.54,-5.4571,16.847,0.50921
12,-1,307,200,47.893,108.68,12.601,-3.1778,15.499,0.5213
12,-1,373,219,28.326,64.279,7.4204,-2.71,19.916,0.35223
12,-1,270,193,52,118,6.2503,-3.6026,15.191,0.53951
13,-1,200,217,33.548,76.129,25.752,-5.4734,16.868,0.51869
13,-1,307,200,47.893,108.68,2.7851,-3.1881,15.519,0.5267
14,-1,199,233,26,59,11.892,-5.7167,17.243,0.51742
14,-1,113,179,68.041,154.4,8.1445,-4.6882,13.299,0.63714
14,-1,270,176,56.877,129.07,5.3353,-3.7698,15.945,0.52877
14,-1,383,53,26,59,5.2159,-1.777,5.1336,0.87137
15,-1,203,233,26,59,42.127,-5.5827,17.161,0.52867
15,-1,307,200,47.893,108.68,7.3907,-3.2175,15.594,0.53839
16,-1,199,227,28.326,64.279,26.232,-5.8447,17.698,0.52789
16,-1,270,193,52,118,17.433,-3.7192,15.653,0.55555
16,-1,378,39,30.847,69.999,9.3532,-1.8286,5.4477,0.85388
16,-1,307,200,47.893,108.68,7.7411,-3.2885,15.97,0.5373
17,-1,199,237,26,59,37.173,-5.6204,17.213,0.5388
17,-1,102,179,68.041,154.4,13.78,-4.9103,13.645,0.64225
17,-1,383,49,26,59,6.7052,-1.8824,5.5739,0.85183
17,-1,373,219,28.326,64.279,5.4535,-2.8124,20.714,0.37704
17,-1,308,204,43.854,99.515,4.4205,-3.4357,16.737,0.51667
17,-1,270,185,52,118,3.6473,-3.9532,16.626,0.52917
18,-1,195,237,26,59,24.851,-5.6479,17.18,0.5346
18,-1,369,214,28.326,64.279,5.7671,-2.9911,21.811,0.33204
19,-1,190,232,28.326,64.279,29.229,-5.5758,16.953,0.53153
19,-1,373,210,30.847,69.999,3.174,-2.8068,21.176,0.34112
20,-1,185,223,33.548,76.129,25.702,-5.3934,16.493,0.54503
20,-1,66,173,74.286,168.57,8.5234,-4.9164,13.28,0.64857
20,-1,373,214,28.326,64.279,8.0899,-2.8306,21.054,0.33605
20,-1,383,41,26,59,5.511,-1.9904,5.9604,0.84929
21,-1,186,232,28.326,64.279,41.519,-5.4663,16.684,0.54975
21,-1,84,255,36.769,83.436,21.772,-4.9797,13.426,0.6509
21,-1,321,245,28.326,64.279,11.676,-3.2075,15.907,0.53108
21,-1,383,37,26,59,10.958,-2.027,6.1181,0.8406
21,-1,278,241,28.326,64.279,-0.13718,-3.8571,16.161,0.53539
22,-1,184,224,30.847,69.999,58.938,-5.5341,16.83,0.55227
22,-1,310,185,52,118,40.199,-3.2886,16.411,0.52278
22,-1,270,176,56.877,129.07,29.672,-3.7602,16.124,0.54122
22,-1,84,262,30.847,69.999,25.834,-5.1619,13.702,0.64727
22,-1,383,33,26,59,10.997,-2.0561,6.2645,0.83055
23,-1,179,229,30.847,69.999,43.751,-5.5102,16.669,0.57117
23,-1,310,193,52,118,40.031,-3.2221,15.99,0.54724
23,-1,270,176,56.877,129.07,25.583,-3.833,16.453,0.54506
23,-1,37,148,86.667,196.67,25.113,-5.0701,13.349,0.66359
23,-1,383,33,26,59,12.778,-2.092,6.4086,0.81667
24,-1,310,193,52,118,43.468,-3.2544,16.164,0.55503
24,-1,174,217,33.548,76.129,37.467,-5.9329,17.49,0.56846
24,-1,270,185,52,118,19.421,-3.9451,16.811,0.54958
24,-1,382,27,28.326,64.279,12.686,-2.1237,6.5318,0.81401
24,-1,25,147,94.545,214.55,11.161,-4.7807,12.948,0.67854
24,-1,373,214,28.326,64.279,1.7706,-2.8782,21.368,0.3959
25,-1,310,193,52,118,47.854,-3.2905,16.37,0.54792
25,-1,169,215,36.769,83.436,40.134,-5.769,17.063,0.5768
25,-1,270,185,52,118,32.597,-3.9948,17.042,0.54229
25,-1,23,162,86.667,196.67,24.324,-4.9466,13.152,0.67451
25,-1,373,214,28.326,64.279,14.383,-2.9073,21.825,0.38136
25,-1,383,33,26,59,9.8797,-2.1589,6.6443,0.80895
25,-1,231,209,26,59,8.9141,-7.6694,25.142,0.379
26,-1,163,215,36.769,83.436,43.838,-5.8351,17.108,0.59056
26,-1,310,193,52,118,28.131,-3.2894,16.453,0.55554
26,-1,11,147,94.545,214.55,21.128,-4.9385,13.128,0.68341
26,-1,270,185,52,118,5.2362,-3.9881,17.121,0.55147
26,-1,369,210,28.326,64.279,3.445,-3.073,23.297,0.35901
26,-1,231,209,26,59,1.8048,-7.5939,25.132,0.40232
27,-1,157,215,36.769,83.436,33.549,-5.9107,17.174,0.59517
27,-1,323,253,26,59,29.314,-3.2791,16.478,0.55874
27,-1,-4,130,104,236,15.294,-4.9405,13.098,0.6873
27,-1,261,176,56.877,129.07,4.9017,-4.0306,16.988,0.56056
28,-1,152,221,36.769,83.436,33.561,-5.7128,16.679,0.60502
28,-1,310,185,52,118,21.702,-3.4201,17.457,0.5359
28,-1,261,176,56.877,129.07,11.358,-4.0499,17.123,0.55816
28,-1,99,209,26,59,8.021,-11.563,24.02,0.52626
29,-1,152,221,36.769,83.436,25.742,-5.664,16.656,0.60512
29,-1,310,185,52,118,23.043,-3.414,17.426,0.5382
30,-1,146,221,36.769,83.436,28.157,-5.7505,16.696,0.6065
30,-1,318,185,52,118,16.008,-3.3218,17.51,0.53415
30,-1,369,205,30.847,69.999,8.6573,-3.0106,22.967,0.37958
30,-1,95,209,26,59,7.2012,-11.232,23.468,0.53615
31,-1,270,176,56.877,129.07,23.678,-3.9837,17.38,0.55012
31,-1,134,193,52,118,23.509,-5.5732,16.278,0.61227
31,-1,313,176,56.877,129.07,21.948,-3.3718,17.516,0.53403
32,-1,134,193,52,118,25.529,-5.6616,16.492,0.60575
32,-1,265,174,62.22,141.19,20.851,-3.8457,16.647,0.56601
32,-1,318,185,52,118,18.579,-3.411,17.966,0.52175
33,-1,135,227,36.769,83.436,44.798,-5.8179,16.64,0.60833
33,-1,318,185,52,118,27.132,-3.4326,18.065,0.52077
33,-1,261,184,56.877,129.07,25.56,-3.9878,16.869,0.56467
33,-1,146,210,30.847,69.999,0.6634,-8.0707,21.101,0.53309
34,-1,135,227,36.769,83.436,44.82,-5.9141,16.896,0.60372
34,-1,270,184,56.877,129.07,21.817,-3.9274,17.164,0.5549
34,-1,313,184,56.877,129.07,10.388,-3.3596,17.29,0.5396
34,-1,146,210,30.847,69.999,3.336,-8.3221,21.675,0.52249
34,-1,369,210,30.847,69.999,0.46972,-3.0805,23.241,0.37007
35,-1,120,217,43.854,99.515,49.898,-5.8328,16.546,0.61521
35,-1,73,210,28.326,64.279,16.159,-11.591,23.369,0.55312
35,-1,261,184,56.877,129.07,4.2847,-4.0771,17.384,0.55293
36,-1,113,224,43.854,99.515,41.4,-5.694,16.246,0.61691
36,-1,69,214,28.326,64.279,26.598,-10.908,22.391,0.55564
36,-1,321,248,30.847,69.999,14.567,-3.4166,17.392,0.53791
37,-1,310,193,52,118,26.85,-3.4487,17.808,0.52181
37,-1,60,210,28.326,64.279,20.071,-11.331,22.789,0.54427
37,-1,110,209,52,118,16.3,-5.426,15.941,0.61608
38,-1,60,210,28.326,64.279,46.496,-11.091,22.603,0.54968
38,-1,102,209,52,118,41.952,-5.4854,15.958,0.6175
38,-1,305,184,56.877,129.07,37.184,-3.448,17.563,0.52729
38,-1,252,184,56.877,129.07,23.557,-4.1186,17.418,0.54602
38,-1,365,207,33.548,76.129,4.7632,-2.9707,22.281,0.38207
39,-1,261,176,56.877,129.07,39.77,-4.1465,17.999,0.53356
39,-1,94,209,52,118,36.783,-5.4781,15.817,0.62219
39,-1,56,205,30.847,69.999,36.094,-10.257,21.38,0.56617
39,-1,317,245,28.326,64.279,26.203,-3.5191,17.702,0.5288
40,-1,261,184,56.877,129.07,37.179,-4.0261,17.419,0.54446
40,-1,94,209,52,118,32.353,-5.5498,15.98,0.61444
40,-1,51,205,30.847,69.999,30.556,-10.674,21.787,0.55489
40,-1,317,249,28.326,64.279,12.002,-3.5113,17.519,0.53152
41,-1,261,184,56.877,129.07,37.376,-4.088,17.643,0.54587
41,-1,45,202,33.548,76.129,27.688,-10.495,21.42,0.57174
41,-1,85,202,56.877,129.07,25.339,-5.5672,15.93,0.62063
41,-1,302,193,52,118,14.683,-3.6319,17.963,0.52834
42,-1,261,184,56.877,129.07,42.544,-4.1033,17.708,0.54724
42,-1,85,202,56.877,129.07,29.047,-5.5767,16.007,0.62189
42,-1,171,165,26,59,16.669,12.103,-20.704,1.2398
42,-1,307,200,47.893,108.68,11.809,-3.6356,18.223,0.52422
42,-1,46,205,30.847,69.999,10.895,-11.074,22.223,0.56747
43,-1,77,202,56.877,129.07,48.526,-5.6765,16.058,0.62253
43,-1,41,205,30.847,69.999,32.37,-11.148,22.199,0.5705
43,-1,261,184,56.877,129.07,30.502,-4.1203,17.775,0.54396
43,-1,307,200,47.893,108.68,11.273,-3.6544,18.284,0.52058
44,-1,64,193,62.22,141.19,38.649,-5.6342,15.885,0.6269
44,-1,261,184,56.877,129.07,36.579,-4.1196,17.76,0.54479
44,-1,323,253,26,59,22.026,-3.5688,18.049,0.52543
44,-1,40,197,33.548,76.129,10.706,-11.244,22.379,0.57109
45,-1,64,203,62.22,141.19,40.956,-5.3703,15.564,0.64089
45,-1,261,176,56.877,129.07,30.718,-4.2852,18.508,0.54333
45,-1,35,197,33.548,76.129,29.581,-11.116,22.107,0.61136
45,-1,319,249,26,59,14.012,-3.6712,18.374,0.53254
46,-1,59,211,56.877,129.07,50.442,-5.5999,15.826,0.65006
46,-1,261,176,56.877,129.07,32.087,-4.3404,18.72,0.55794
46,-1,30,197,33.548,76.129,32.063,-11.461,22.383,0.63242
46,-1,317,245,28.326,64.279,13.207,-3.7082,18.424,0.55067
47,-1,45,203,62.22,141.19,45.929,-5.646,15.766,0.65196
47,-1,261,176,56.877,129.07,23.143,-4.3996,18.903,0.55753
47,-1,321,245,28.326,64.279,8.2295,-3.6992,18.602,0.54891
48,-1,22,174,80,181.54,57.223,-5.4841,15.415,0.65479
48,-1,261,176,56.877,129.07,19.495,-4.3757,18.809,0.56041
48,-1,294,164,62.22,141.19,5.9899,-3.8792,18.823,0.55025
49,-1,18,210,68.041,154.4,30.619,-5.4548,15.331,0.65152
49,-1,256,174,62.22,141.19,22.964,-4.2887,18.258,0.56396
49,-1,302,193,52,118,15.953,-3.8324,18.72,0.54467
50,-1,302,193,52,118,25.582,-3.856,18.817,0.54986
50,-1,256,174,62.22,141.19,13.455,-4.3115,18.351,0.56917
51,-1,142,169,52,118,5.3007,-7.6265,21.788,0.56418
55,-1,270,184,56.877,129.07,15.041,-4.3532,19.252,0.54006
56,-1,270,168,68.041,154.4,20.541,-4.1385,18.515,0.55248
57,-1,270,176,56.877,129.07,20.745,-4.5416,20.065,0.5187
58,-1,278,184,56.877,129.07,19.725,-4.2867,19.339,0.51866
59,-1,302,193,52,118,16.805,-4.0668,19.662,0.5015
59,-1,270,184,56.877,129.07,12.202,-4.4133,19.377,0.51664
60,-1,275,174,62.22,141.19,18.658,-4.3328,19.43,0.51404
60,-1,386,198,40,90.769,2.6154,-3.0291,23.182,0.38435
61,-1,247,217,26,59,35.795,-6.8975,26.213,0.39246
61,-1,275,174,62.22,141.19,18.465,-4.3656,19.55,0.51298
61,-1,386,198,40,90.769,7.0825,-3.0604,23.314,0.38234
62,-1,243,217,26,59,27.264,-6.9043,25.799,0.38698
62,-1,275,174,62.22,141.19,12.187,-4.3762,19.526,0.50527
62,-1,386,198,40,90.769,4.2559,-3.1026,23.1,0.37897
63,-1,243,217,26,59,32.53,-6.8325,25.59,0.38893
64,-1,243,217,26,59,31.825,-6.822,25.61,0.39237
65,-1,243,213,26,59,28.686,-7.1824,26.855,0.38047
65,-1,310,201,52,118,15.924,-4.0086,19.448,0.5038
66,-1,243,213,26,59,18.147,-7.3318,27.331,0.37505
66,-1,314,193,47.893,108.68,2.5833,-4.2197,21.219,0.46271
66,-1,392,198,40,90.769,2.0493,-3.072,23.356,0.37471
68,-1,239,213,26,59,22.906,-7.601,27.943,0.36723
69,-1,239,217,26,59,23.173,-7.2449,26.866,0.3724
69,-1,314,208,47.893,108.68,19.704,-4.116,20.275,0.48184
69,-1,278,184,56.877,129.07,14.329,-4.5533,20.449,0.48764
70,-1,275,174,62.22,141.19,5.7186,-4.5365,20.307,0.47971
70,-1,389,197,43.854,99.515,3.5995,-3.1734,22.602,0.37665
71,-1,313,184,56.877,129.07,1.7037,-4.12,20.565,0.45762
72,-1,318,201,52,118,18.415,-4.0732,20.252,0.46629
72,-1,284,174,62.22,141.19,12.884,-4.4601,20.484,0.46901
72,-1,392,198,40,90.769,6.9744,-3.1648,24.082,0.32377
73,-1,318,201,52,118,35.042,-4.0895,20.324,0.45838
73,-1,287,184,56.877,129.07,19.278,-4.4958,20.703,0.4573
74,-1,326,201,52,118,36.93,-4.019,20.453,0.4584
74,-1,284,174,62.22,141.19,27.719,-4.5002,20.673,0.46453
75,-1,284,174,62.22,141.19,23.666,-4.5535,20.91,0.45742
75,-1,396,204,43.854,99.515,23.061,-3.2022,22.341,0.37769
75,-1,322,193,56.877,129.07,22.471,-4.0538,20.441,0.45921
75,-1,195,221,26,59,0.52604,-8.044,25.998,0.38837
76,-1,322,193,56.877,129.07,17.65,-4.075,20.485,0.45254
76,-1,284,174,62.22,141.19,17.573,-4.57,20.945,0.45057
76,-1,195,221,26,59,8.9774,-7.9931,25.885,0.38051
77,-1,334,201,52,118,19.664,-4.0128,20.886,0.43617
77,-1,191,221,26,59,15.896,-8.1741,26.124,0.37338
77,-1,395,193,47.893,108.68,4.7532,-3.2181,22.751,0.35503
79,-1,340,193,56.877,129.07,7.9371,-3.9414,20.764,0.44126
79,-1,284,174,62.22,141.19,5.8625,-4.633,21.179,0.44634
79,-1,395,193,47.893,108.68,3.7167,-3.2725,22.793,0.35905
80,-1,231,225,26,59,26.24,-6.8866,25.309,0.37264
80,-1,187,217,26,59,9.458,-8.6761,27.167,0.3593
80,-1,321,193,28.326,64.279,7.2692,-7.0395,41.744,-0.14556
81,-1,231,221,26,59,35.812,-7.2082,26.331,0.35132
81,-1,324,192,33.548,76.129,10.899,-5.5723,31.655,0.13994
81,-1,187,217,26,59,8.2822,-8.6688,27.185,0.36275
81,-1,287,184,56.877,129.07,5.642,-4.7008,21.496,0.43822
82,-1,227,221,26,59,18.926,-7.2909,26.328,0.37526
82,-1,325,193,28.326,64.279,4.2076,-6.7798,41.481,-0.086871
83,-1,231,221,26,59,30.17,-7.2213,26.413,0.36923
83,-1,325,193,28.326,64.279,11.715,-6.8114,41.517,-0.07336
84,-1,227,225,26,59,35.996,-7.0401,25.578,0.38546
84,-1,296,184,56.877,129.07,25.446,-4.6585,21.78,0.43881
84,-1,410,193,47.893,108.68,11.332,-3.1666,23.229,0.35885
84,-1,179,210,30.847,69.999,9.8597,-8.3544,26.202,0.39963
85,-1,294,184,62.22,141.19,25.102,-4.5575,21.154,0.46044
85,-1,225,219,28.326,64.279,15.878,-7.2307,26.204,0.38227
85,-1,174,210,30.847,69.999,15.331,-8.6692,26.736,0.40237
86,-1,294,184,62.22,141.19,29.2,-4.5991,21.439,0.45709
86,-1,225,223,28.326,64.279,22.083,-7.1145,25.925,0.39291
86,-1,174,214,30.847,69.999,13.204,-8.442,26.304,0.41458
87,-1,294,184,62.22,141.19,27.249,-4.6095,21.57,0.45495
87,-1,173,223,28.326,64.279,22.055,-8.2331,25.82,0.42516
87,-1,222,219,30.847,69.999,7.1292,-7.0602,25.72,0.39961
88,-1,294,174,62.22,141.19,33.246,-4.6995,22.29,0.44001
88,-1,223,229,26,59,19.579,-7.0732,25.829,0.40167
88,-1,273,223,28.326,64.279,7.3458,-6.0315,26.106,0.36864
89,-1,294,174,62.22,141.19,38.223,-4.7071,22.337,0.4417
89,-1,273,223,28.326,64.279,4.3945,-6.0188,26.097,0.37331
90,-1,294,174,62.22,141.19,40.006,-4.6549,22.011,0.45072
90,-1,360,243,33.548,76.129,10.253,-4.015,21.799,0.44113
91,-1,296,184,56.877,129.07,31.743,-4.7363,22.484,0.45263
92,-1,296,184,56.877,129.07,20.334,-4.7793,22.774,0.46346
92,-1,282,219,28.326,64.279,2.8078,-6.0851,27.506,0.39147
93,-1,164,214,28.326,64.279,21.648,-9.0343,27.659,0.4626
93,-1,358,193,52,118,9.4753,-3.9945,23.068,0.43861
94,-1,357,184,56.877,129.07,15.928,-3.9855,22.65,0.44246
94,-1,296,184,56.877,129.07,10.144,-4.7513,22.538,0.46335
95,-1,294,164,62.22,141.19,17.655,-4.8422,23.213,0.44576
95,-1,156,214,28.326,64.279,15.05,-8.7376,26.628,0.45815
96,-1,303,164,62.22,141.19,27.7,-4.7218,23.346,0.45114
96,-1,357,184,56.877,129.07,27.019,-4.0117,22.747,0.44654
96,-1,156,214,28.326,64.279,22.976,-8.74,26.73,0.47729
96,-1,204,219,28.326,64.279,9.8119,-7.3821,26.073,0.4582
97,-1,358,185,52,118,39.973,-4.0611,23.528,0.44856
97,-1,303,164,62.22,141.19,32.752,-4.7119,23.171,0.47113
97,-1,154,202,33.548,76.129,27.787,-8.4921,26.277,0.50292
98,-1,366,185,52,118,39.684,-3.9612,23.634,0.44831
98,-1,303,164,62.22,141.19,34.61,-4.7235,23.268,0.47279
98,-1,148,202,33.548,76.129,25.777,-8.6277,26.396,0.5081
98,-1,207,210,30.847,69.999,13.213,-7.3444,26.393,0.47804
99,-1,366,193,47.893,108.68,41.56,-3.9815,23.87,0.46063
99,-1,305,167,56.877,129.07,28.234,-4.8454,24.381,0.47277
99,-1,205,202,33.548,76.129,10.687,-7.4827,26.896,0.49455
100,-1,366,193,52,118,40.29,-3.9887,23.162,0.47226
100,-1,303,164,62.22,141.19,28.912,-4.7539,23.51,0.48732
100,-1,200,202,33.548,76.129,23.704,-7.6273,26.961,0.50842
100,-1,146,200,30.847,69.999,8.0028,-9.711,28.604,0.53791
101,-1,197,198,36.769,83.436,27.733,-7.4083,26.249,0.53886
101,-1,366,193,52,118,25.741,-4.0197,23.274,0.48314
101,-1,303,164,62.22,141.19,23.395,-4.7862,23.611,0.50051
101,-1,140,193,36.769,83.436,13.944,-8.9999,27.019,0.57394
101,-1,279,210,30.847,69.999,9.1472,-6.0136,27.149,0.48575
102,-1,191,193,36.769,83.436,29.875,-7.9987,27.596,0.57926
102,-1,366,193,52,118,23.544,-4.0317,23.418,0.51464
102,-1,278,210,28.326,64.279,19.967,-6.3537,28.708,0.52755
102,-1,303,164,62.22,141.19,15.323,-4.8038,23.756,0.53137
102,-1,138,197,33.548,76.129,1.6678,-9.5211,27.966,0.61485
103,-1,366,193,52,118,28.363,-4.0211,23.891,0.52831
103,-1,335,181,26,59,25.504,-49.48,616.91,-2.1803
103,-1,191,198,36.769,83.436,24.26,-7.8781,27.442,0.59739
103,-1,274,210,30.847,69.999,14.58,-6.328,28.517,0.55364
104,-1,273,214,28.326,64.279,30.225,-6.4739,29.394,0.55263
104,-1,129,198,36.769,83.436,22.344,-9.2611,27.43,0.62868
104,-1,358,193,52,118,22.286,-4.108,24.129,0.53082
104,-1,305,176,56.877,129.07,7.6222,-4.8653,24.667,0.54487
105,-1,177,192,40,90.769,13.911,-8.1589,27.848,0.6152
105,-1,123,198,36.769,83.436,7.4818,-9.3552,27.536,0.64678
106,-1,291,158,68.041,154.4,23.364,-4.8871,24.271,0.57034
106,-1,358,193,52,118,17.499,-4.0757,24.538,0.54963
106,-1,112,198,36.769,83.436,17.46,-9.8194,28.052,0.67949
106,-1,269,210,30.847,69.999,14.76,-6.5279,29.963,0.59291
106,-1,171,192,40,90.769,4.802,-8.462,28.442,0.64502
107,-1,350,193,52,118,29.724,-4.1712,24.913,0.56571
107,-1,296,176,56.877,129.07,27.972,-5.0028,25.548,0.58476
107,-1,264,219,28.326,64.279,20.27,-6.5865,29.827,0.61746
107,-1,112,198,36.769,83.436,18.443,-10.152,28.874,0.70338
108,-1,103,198,40,90.769,38.199,-9.51,27.597,0.69104
108,-1,296,176,56.877,129.07,37.841,-4.9668,25.836,0.59015
108,-1,350,193,52,118,33.633,-4.1224,25.161,0.57155
108,-1,260,214,30.847,69.999,21.107,-6.5767,29.881,0.6244
109,-1,342,193,52,118,38.535,-4.2119,25.07,0.56935
109,-1,296,176,56.877,129.07,34.33,-4.914,25.737,0.58317
109,-1,91,198,40,90.769,20.635,-9.5561,27.351,0.67716
109,-1,246,212,33.548,76.129,4.4536,-6.4851,28.432,0.61295
110,-1,296,176,56.877,129.07,35.087,-4.9153,25.776,0.57994
110,-1,340,184,56.877,129.07,29.969,-4.2174,24.849,0.56782
110,-1,85,198,40,90.769,23.889,-9.6735,27.395,0.66678
110,-1,248,210,36.769,83.436,15.28,-6.2016,27.445,0.60232
110,-1,142,177,52,118,14.907,-7.8936,26.585,0.63448
111,-1,85,204,40,90.769,38.568,-9.1301,26.504,0.65631
111,-1,296,176,56.877,129.07,28.099,-4.941,25.979,0.58242
111,-1,344,193,47.893,108.68,2.913,-4.2356,26.539,0.56958
112,-1,78,204,40,90.769,46.078,-9.2153,26.506,0.64611
112,-1,296,176,56.877,129.07,29.034,-4.948,26.036,0.5761
112,-1,188,229,30.847,69.999,23.47,-7.1082,26.455,0.61131
112,-1,250,219,30.847,69.999,6.8135,-6.4321,28.583,0.59735
112,-1,147,197,43.854,99.515,4.524,-7.8507,26.637,0.62336
113,-1,72,197,43.854,99.515,35.764,-9.0251,26.149,0.62273
113,-1,296,176,56.877,129.07,28.691,-4.9363,26.025,0.5651
113,-1,342,185,52,118,24.879,-4.2403,26.367,0.55446
113,-1,134,185,52,118,14.019,-7.5309,25.619,0.60278
114,-1,66,197,43.854,99.515,35.699,-8.9103,25.854,0.60168
114,-1,294,164,62.22,141.19,25.585,-4.8899,25.693,0.55141
114,-1,340,184,56.877,129.07,19.881,-4.2458,24.955,0.54613
114,-1,238,204,40,90.769,8.6181,-6.1832,26.993,0.56272
115,-1,294,164,62.22,141.19,37.005,-4.8926,25.701,0.53645
115,-1,62,185,52,118,35.966,-8.4497,25.182,0.58729
115,-1,340,184,56.877,129.07,24.961,-4.2572,24.964,0.53235
115,-1,238,204,40,90.769,9.7769,-6.1738,27.009,0.54579
116,-1,296,184,56.877,129.07,36.198,-4.8541,25.082,0.53288
116,-1,57,193,47.893,108.68,35.078,-8.728,25.516,0.57645
116,-1,342,185,52,118,27.543,-4.2548,26.308,0.51779
117,-1,296,176,56.877,129.07,44.214,-4.91,25.984,0.5191
117,-1,46,185,52,118,34.678,-8.6612,25.268,0.56033
117,-1,340,184,56.877,129.07,25.087,-4.263,25.151,0.51897
117,-1,234,204,43.854,99.515,15.807,-5.9572,25.988,0.52912
118,-1,38,185,52,118,26.888,-8.7632,25.302,0.56442
118,-1,294,164,62.22,141.19,26.131,-4.8927,25.868,0.51307
118,-1,112,176,56.877,129.07,20.887,-7.5692,25.443,0.54886
118,-1,236,215,36.769,83.436,18.937,-6.0787,26.544,0.52177
118,-1,340,184,56.877,129.07,16.911,-4.2714,25.145,0.51156
119,-1,291,158,68.041,154.4,29.835,-4.8569,25.455,0.51882
119,-1,236,215,36.769,83.436,27.895,-6.1291,26.868,0.52078
119,-1,342,193,52,118,21.781,-4.272,25.638,0.51143
119,-1,103,174,62.22,141.19,21.416,-7.2729,24.695,0.54938
119,-1,38,193,52,118,19.291,-8.3615,24.778,0.55983
120,-1,287,176,56.877,129.07,33.666,-5.0437,26.431,0.49529
120,-1,22,193,52,118,18.346,-8.5843,24.868,0.53997
120,-1,232,216,40,90.769,17.815,-5.9466,26.019,0.50682
120,-1,94,201,52,118,11.81,-7.3063,24.507,0.53303
120,-1,331,184,56.877,129.07,5.1605,-4.3747,25.56,0.49843
121,-1,231,215,36.769,83.436,29.584,-6.1274,27.108,0.48369
121,-1,287,176,56.877,129.07,25.674,-4.9687,26.48,0.47859
121,-1,85,193,56.877,129.07,12.126,-7.2043,24.371,0.52894
121,-1,7,193,56.877,129.07,5.245,-8.1053,24.11,0.54203
122,-1,275,174,62.22,141.19,46.265,-4.9092,25.545,0.48422
122,-1,214,216,40,90.769,28.507,-6.0229,26.235,0.48957
123,-1,265,174,62.22,141.19,35.712,-4.8912,25.572,0.48816
123,-1,208,216,40,90.769,27.034,-5.936,26.251,0.49497
123,-1,50,168,68.041,154.4,12.722,-7.2947,24.511,0.53635
124,-1,256,174,62.22,141.19,41.26,-4.921,25.66,0.50708
124,-1,197,221,36.769,83.436,21.793,-6.0729,26.638,0.51276
125,-1,256,174,62.22,141.19,40.84,-4.9018,25.725,0.49778
125,-1,194,210,43.854,99.515,27.991,-5.9194,26.135,0.50155
126,-1,256,174,62.22,141.19,53.184,-4.9262,25.852,0.4796
126,-1,308,254,28.326,64.279,11.682,-4.4641,25.632,0.47842
126,-1,182,208,47.893,108.68,11.382,-5.95,25.674,0.49073
127,-1,256,174,62.22,141.19,24.576,-4.9165,25.78,0.47968
127,-1,174,193,52,118,17.683,-6.0985,26.052,0.48917
127,-1,308,249,28.326,64.279,2.6098,-4.4657,25.935,0.47268
128,-1,256,174,62.22,141.19,24.221,-4.936,26.017,0.48575
128,-1,174,201,52,118,11.827,-5.9748,25.603,0.50489
129,-1,256,174,62.22,141.19,21.164,-4.9402,26.165,0.47903
129,-1,160,184,62.22,141.19,7.1729,-5.9834,25.3,0.5011
130,-1,249,158,68.041,154.4,17.677,-4.9872,26.368,0.47045
130,-1,155,179,68.041,154.4,16.883,-5.8489,24.796,0.50007
130,-1,294,174,62.22,141.19,14.974,-4.4391,26.135,0.46829
131,-1,249,158,68.041,154.4,24.84,-4.9972,26.46,0.4641
131,-1,155,179,68.041,154.4,22.552,-5.8578,24.892,0.49541
132,-1,246,164,62.22,141.19,24.961,-5.1266,26.994,0.45517
132,-1,155,179,68.041,154.4,19.704,-5.8412,24.885,0.49488
133,-1,246,174,62.22,141.19,24.578,-5.0705,26.234,0.46421
134,-1,256,174,62.22,141.19,27.311,-4.9653,26.269,0.46661
134,-1,203,209,26,59,11.929,-7.7492,35.33,0.3675
134,-1,303,174,62.22,141.19,0.8598,-4.3811,26.292,0.4596
135,-1,249,158,68.041,154.4,23.135,-5.0319,26.481,0.46017
135,-1,203,209,26,59,22.593,-7.6244,34.718,0.36582
136,-1,203,209,26,59,26.036,-7.6955,35.063,0.36856
136,-1,246,174,62.22,141.19,12.641,-5.1046,26.381,0.46402
137,-1,203,213,26,59,9.8402,-7.5035,34.258,0.39262
137,-1,246,164,62.22,141.19,0.59834,-5.2,27.51,0.45673
138,-1,203,213,26,59,9.9108,-7.5471,34.71,0.38484
139,-1,199,213,26,59,21.471,-7.7691,35.316,0.37311
139,-1,246,164,62.22,141.19,14.193,-5.2127,27.943,0.44706
140,-1,199,213,26,59,26.583,-7.7605,35.383,0.37347
140,-1,296,184,56.877,129.07,23.224,-4.5388,27.284,0.44962
140,-1,239,158,68.041,154.4,19.949,-5.2179,27.357,0.45696
141,-1,296,184,56.877,129.07,38.789,-4.548,27.315,0.44351
141,-1,195,213,26,59,25.367,-7.8264,35.199,0.36106
141,-1,237,150,74.286,168.57,14.534,-5.1538,26.878,0.4571
141,-1,167,258,43.854,99.515,2.194,-5.6719,24.852,0.49388
142,-1,296,184,56.877,129.07,45.481,-4.5604,27.387,0.4425
142,-1,195,210,28.326,64.279,28.481,-7.5452,34.096,0.37981
142,-1,246,174,62.22,141.19,22.337,-5.1525,27.218,0.4523
143,-1,296,184,56.877,129.07,42.681,-4.5734,27.441,0.44707
143,-1,190,210,28.326,64.279,30.879,-7.606,33.878,0.39092
143,-1,239,158,68.041,154.4,18.923,-5.2372,27.507,0.4543
143,-1,92,146,104,236,13.589,-5.8014,24.285,0.50803
144,-1,296,184,56.877,129.07,46.554,-4.5888,27.525,0.43938
144,-1,191,213,26,59,28.001,-7.842,34.818,0.36626
144,-1,237,150,74.286,168.57,5.8364,-5.1847,27.082,0.45339
145,-1,188,205,30.847,69.999,25.632,-7.6139,33.851,0.36899
145,-1,296,193,56.877,129.07,24.295,-4.6078,26.999,0.44463
145,-1,152,296,40,90.769,2.7879,-5.6066,24.404,0.49682
146,-1,188,205,30.847,69.999,18.537,-7.6162,33.887,0.36262
146,-1,296,193,56.877,129.07,12.365,-4.6194,27.081,0.4402
147,-1,190,210,28.326,64.279,14.052,-7.7206,34.441,0.34973
147,-1,249,158,68.041,154.4,9.8842,-5.1608,27.964,0.42948
147,-1,296,193,56.877,129.07,8.7401,-4.6316,27.222,0.4359
148,-1,185,207,33.548,76.129,17.192,-7.253,32.125,0.37614
148,-1,301,217,43.854,99.515,15.182,-4.6595,27.773,0.42188
148,-1,249,158,68.041,154.4,8.946,-5.1847,28.117,0.42212
149,-1,294,184,62.22,141.19,16.635,-4.66,27.22,0.42948
149,-1,249,158,68.041,154.4,11.348,-5.1933,28.122,0.41948
150,-1,188,210,30.847,69.999,35.135,-7.4496,33.213,0.35433
150,-1,246,174,62.22,141.19,13.958,-5.2715,28.056,0.42123
150,-1,154,202,33.548,76.129,10.862,-8.3517,33.52,0.35981
150,-1,302,201,52,118,9.4547,-4.6332,27.799,0.41808
151,-1,193,210,30.847,69.999,27.752,-7.3454,33.21,0.35717
151,-1,296,193,56.877,129.07,19.303,-4.6982,27.633,0.42236
151,-1,249,158,68.041,154.4,18.762,-5.2331,28.373,0.41604
151,-1,152,198,36.769,83.436,8.4284,-8.0494,32.512,0.37845
152,-1,185,202,33.548,76.129,38.563,-7.5228,33.256,0.36881
152,-1,314,243,33.548,76.129,23.812,-4.6418,27.828,0.4255
152,-1,152,193,36.769,83.436,23.509,-8.3888,33.633,0.3722
152,-1,249,158,68.041,154.4,22.731,-5.2367,28.336,0.42376
153,-1,308,238,33.548,76.129,35.212,-4.7094,28.439,0.41858
153,-1,180,198,36.769,83.436,30.579,-7.455,32.772,0.37923
153,-1,249,158,68.041,154.4,26.491,-5.2554,28.562,0.42285
153,-1,154,202,33.548,76.129,11.154,-8.3458,33.604,0.37586
154,-1,180,198,36.769,83.436,26.388,-7.5233,33.059,0.36439
154,-1,310,238,36.769,83.436,23.628,-4.6856,28.034,0.41945
154,-1,246,174,62.22,141.19,8.5697,-5.331,28.458,0.41938
154,-1,146,192,40,90.769,7.7905,-8.1739,32.786,0.37645
155,-1,308,243,33.548,76.129,31.794,-4.7363,28.28,0.40926
155,-1,185,204,36.769,83.436,27.932,-7.1143,31.95,0.36531
155,-1,252,184,56.877,129.07,12.087,-5.3143,28.718,0.4068
155,-1,148,207,33.548,76.129,3.2362,-8.1489,32.693,0.36164
156,-1,246,174,62.22,141.19,23.604,-5.3685,28.751,0.40154
156,-1,180,204,36.769,83.436,20.31,-7.3087,32.27,0.35347
156,-1,294,184,62.22,141.19,19.674,-4.755,28.059,0.4089
157,-1,246,174,62.22,141.19,29.15,-5.3989,28.986,0.39663
157,-1,308,248,33.548,76.129,24.698,-4.7675,28.281,0.40312
157,-1,185,212,33.548,76.129,14.632,-7.3057,32.525,0.3497
158,-1,246,174,62.22,141.19,26.011,-5.424,29.074,0.39705
158,-1,296,193,56.877,129.07,22.355,-4.8019,28.546,0.39869
158,-1,180,204,36.769,83.436,12.718,-7.4504,32.79,0.35311
159,-1,249,168,68.041,154.4,35.279,-5.3159,28.677,0.41268
159,-1,308,262,28.326,64.279,24.8,-4.8407,28.421,0.4099
160,-1,249,168,68.041,154.4,44.382,-5.3263,28.775,0.42111
161,-1,183,204,40,90.769,18.944,-7.0653,31.763,0.39458
162,-1,183,204,40,90.769,12.137,-7.0011,31.506,0.38257
162,-1,246,174,62.22,141.19,5.9054,-5.4688,29.282,0.40331
163,-1,246,174,62.22,141.19,13.468,-5.4725,29.269,0.39967
163,-1,317,254,28.326,64.279,3.8868,-4.7975,29.088,0.3944
164,-1,246,174,62.22,141.19,8.4496,-5.5236,29.592,0.39339
165,-1,249,168,68.041,154.4,26.759,-5.4294,29.159,0.39706
165,-1,321,258,28.326,64.279,1.0021,-4.806,29.231,0.38766
166,-1,249,168,68.041,154.4,34.692,-5.4696,29.239,0.39136
166,-1,94,185,52,118,17.16,-8.2082,30.741,0.39411
166,-1,310,209,52,118,12.899,-4.8388,28.974,0.38911
167,-1,256,174,62.22,141.19,35.37,-5.5037,29.735,0.38119
167,-1,94,177,52,118,23.321,-8.602,31.593,0.38384
167,-1,180,197,43.854,99.515,16.281,-7.1392,31.658,0.36366
168,-1,249,168,68.041,154.4,31.474,-5.5004,29.264,0.39347
168,-1,94,177,52,118,14.675,-8.6197,31.689,0.3802
169,-1,249,168,68.041,154.4,25.074,-5.4923,29.159,0.39908
169,-1,167,193,47.893,108.68,11.833,-7.0482,30.798,0.38592
169,-1,94,176,56.877,129.07,1.7035,-7.9066,30.27,0.40526
170,-1,249,168,68.041,154.4,19.216,-5.4843,29.134,0.40162
170,-1,166,185,52,118,15.75,-6.9464,30.573,0.39366
170,-1,85,167,56.877,129.07,15.241,-8.4094,31.141,0.40138
171,-1,167,193,47.893,108.68,24.512,-7.0302,30.879,0.39853
171,-1,249,168,68.041,154.4,14.239,-5.5002,29.281,0.40732
172,-1,166,185,52,118,16.004,-6.9911,30.841,0.40179
172,-1,321,232,36.769,83.436,13.051,-4.8767,29.919,0.38817
172,-1,249,158,68.041,154.4,4.3462,-5.5936,30.143,0.3943
173,-1,158,185,52,118,14.737,-7.1689,31.074,0.40288
173,-1,256,179,28.326,64.279,9.6486,-15.175,100.08,-0.63283
174,-1,158,185,52,118,17.893,-7.2048,31.225,0.39007
174,-1,249,168,68.041,154.4,17.486,-5.5522,29.68,0.39653
174,-1,319,243,33.548,76.129,9.624,-4.9575,29.949,0.38377
175,-1,256,174,62.22,141.19,21.02,-5.5586,30.1,0.38602
175,-1,158,185,52,118,19.478,-7.1144,30.992,0.3923
175,-1,316,248,30.847,69.999,6.8951,-5.0119,29.953,0.38075
175,-1,64,164,62.22,141.19,0.90354,-8.2301,30.5,0.41769
176,-1,256,164,62.22,141.19,22.228,-5.6477,30.811,0.38712
176,-1,321,248,30.847,69.999,17.151,-4.9804,29.911,0.39166
176,-1,60,147,68.041,154.4,3.7654,-8.3233,30.683,0.43098
177,-1,156,176,56.877,129.07,19.148,-7.1068,31.001,0.42185
177,-1,249,168,68.041,154.4,16.6,-5.5889,29.786,0.4148
177,-1,62,193,52,118,12.414,-8.1228,30.174,0.4509
178,-1,211,209,26,59,16.942,-8.2506,38.384,0.34042
178,-1,147,176,56.877,129.07,7.2056,-7.1907,30.932,0.42479
178,-1,256,174,62.22,141.19,4.6627,-5.6055,30.297,0.41232
179,-1,71,233,33.548,76.129,24.414,-8.174,30.391,0.4562
179,-1,256,164,62.22,141.19,1.3981,-5.7058,31.155,0.41121
180,-1,141,174,62.22,141.19,16.881,-7.0862,30.552,0.44644
182,-1,141,174,62.22,141.19,13.892,-7.1302,30.733,0.44272
182,-1,249,158,68.041,154.4,9.2387,-5.7962,31.189,0.42088
183,-1,261,176,56.877,129.07,21.279,-5.8381,32.077,0.41178
183,-1,326,248,30.847,69.999,1.2596,-5.0771,30.948,0.41402
183,-1,131,174,62.22,141.19,-0.21121,-7.2946,30.84,0.44502
184,-1,260,158,68.041,154.4,9.9313,-5.7293,31.437,0.41968
184,-1,120,162,80,181.54,-0.71854,-6.7453,29.333,0.4564
185,-1,256,174,62.22,141.19,15.083,-5.8251,31.42,0.42938
185,-1,123,173,74.286,168.57,12.668,-6.8189,29.581,0.46202
185,-1,305,184,56.877,129.07,0.9079,-5.2353,31.626,0.41858
186,-1,249,168,68.041,154.4,3.2563,-5.8154,30.917,0.43294
187,-1,305,176,56.877,129.07,23.351,-5.299,32.325,0.40505
188,-1,111,173,74.286,168.57,5.6941,-6.9564,29.782,0.45438
189,-1,303,174,62.22,141.19,29.368,-5.2966,31.632,0.40532
190,-1,305,184,56.877,129.07,41.82,-5.3422,32.183,0.39904
190,-1,260,168,68.041,154.4,11.915,-5.7812,31.38,0.41467
191,-1,303,184,62.22,141.19,30.359,-5.322,31.448,0.40433
191,-1,117,162,86.667,196.67,5.0194,-6.6956,29.533,0.45087
192,-1,313,193,56.877,129.07,36.207,-5.2611,31.803,0.39456
192,-1,260,168,68.041,154.4,19.553,-5.8385,31.693,0.40503
192,-1,174,229,30.847,69.999,8.4932,-7.8561,33.881,0.40655
192,-1,203,217,26,59,5.8736,-8.9814,39.692,0.34485
193,-1,313,193,56.877,129.07,27.168,-5.2737,31.869,0.39512
193,-1,199,217,26,59,25.576,-9.0491,39.555,0.34754
193,-1,260,168,68.041,154.4,18.138,-5.8486,31.755,0.40475
193,-1,92,146,104,236,10.39,-6.5723,29.014,0.45103
194,-1,313,193,56.877,129.07,24.849,-5.2887,31.969,0.39619
194,-1,260,168,68.041,154.4,10.121,-5.8644,31.858,0.4053
195,-1,195,210,28.326,64.279,22.749,-9.3635,40.374,0.34048
195,-1,303,184,62.22,141.19,10.683,-5.3933,31.872,0.3997
196,-1,198,205,30.847,69.999,14.07,-9.1314,40,0.3397
196,-1,73,118,125.53,284.85,8.4952,-6.4954,28.861,0.44877
196,-1,207,210,30.847,69.999,6.2781,-8.4202,38.344,0.35247
196,-1,303,184,62.22,141.19,0.41783,-5.4129,31.907,0.39951
197,-1,193,210,30.847,69.999,10.945,-8.8572,38.625,0.34398
197,-1,53,118,125.53,284.85,6.812,-6.6298,28.943,0.44671
198,-1,190,210,28.326,64.279,23.333,-9.4748,40.416,0.29199
198,-1,313,184,62.22,141.19,4.1411,-5.3244,32.084,0.38365
199,-1,193,210,30.847,69.999,20.285,-8.7892,38.375,0.26183
199,-1,261,176,56.877,129.07,7.0226,-6.2142,33.914,0.33118
200,-1,261,184,56.877,129.07,14.67,-6.1175,33.12,0.33778
200,-1,188,210,30.847,69.999,7.3459,-8.9755,38.629,0.25995
201,-1,190,210,28.326,64.279,24.307,-9.5198,40.376,0.26379
201,-1,261,176,56.877,129.07,15.968,-6.2661,34.061,0.33767
201,-1,325,241,40,90.769,0.693,-5.389,31.89,0.36607
202,-1,191,213,26,59,34.834,-10.291,42.716,0.22925
202,-1,256,174,62.22,141.19,14.771,-6.2205,33.268,0.3535
203,-1,265,174,62.22,141.19,12.75,-6.1096,33.274,0.35708
203,-1,165,210,30.847,69.999,4.4546,-9.7678,38.925,0.30196
204,-1,165,210,30.847,69.999,8.0367,-9.6392,38.529,0.33028
204,-1,265,164,62.22,141.19,6.5684,-6.2426,34.183,0.35898
204,-1,335,269,26,59,5.7581,-5.4399,32.374,0.37681
204,-1,191,213,26,59,2.5671,-10.05,41.764,0.28854
205,-1,265,164,62.22,141.19,16.827,-6.2516,34.253,0.35232
205,-1,163,209,26,59,14.348,-11.562,43.421,0.2565
205,-1,191,209,26,59,7.4913,-10.637,43.699,0.24481
206,-1,160,210,28.326,64.279,17.771,-10.276,39.886,0.31169
206,-1,265,164,62.22,141.19,15.74,-6.2493,34.156,0.35114
206,-1,200,207,33.548,76.129,10.064,-8.3885,37.489,0.32565
206,-1,187,209,26,59,9.1027,-10.58,43.073,0.26552
206,-1,321,248,30.847,69.999,1.3012,-5.6223,33.102,0.35982
207,-1,265,174,62.22,141.19,24.974,-6.1925,33.651,0.3763
207,-1,155,210,30.847,69.999,12.301,-10.079,39.161,0.33818
207,-1,200,212,33.548,76.129,10.134,-8.2817,37.144,0.34939
207,-1,184,210,30.847,69.999,4.5559,-9.3801,39.334,0.33097
207,-1,101,230,47.893,108.68,3.4062,-7.6726,31.733,0.4103
208,-1,188,210,30.847,69.999,29.9,-9.441,39.93,0.32509
208,-1,265,174,62.22,141.19,26.727,-6.2285,33.862,0.3741
208,-1,313,174,62.22,141.19,16.018,-5.5896,33.926,0.36825
208,-1,155,210,30.847,69.999,6.1013,-10.293,39.733,0.33427
209,-1,265,174,62.22,141.19,42.424,-6.2607,34.008,0.36931
209,-1,185,207,33.548,76.129,17.695,-9.2236,39.03,0.32756
209,-1,321,252,30.847,69.999,9.4357,-5.6874,33.436,0.37227
210,-1,265,174,62.22,141.19,37.143,-6.2981,34.081,0.36651
210,-1,185,204,36.769,83.436,20.933,-8.8403,37.942,0.33699
210,-1,214,204,36.769,83.436,3.5622,-8.2354,38.077,0.33048
211,-1,265,174,62.22,141.19,40.422,-6.3279,34.142,0.37383
211,-1,154,207,33.548,76.129,39.758,-10.018,38.901,0.35145
211,-1,185,207,33.548,76.129,37.268,-9.293,39.077,0.34245
212,-1,151,210,30.847,69.999,49.087,-10.724,40.272,0.34859
212,-1,185,204,36.769,83.436,29.676,-8.977,38.228,0.35675
212,-1,265,174,62.22,141.19,27.782,-6.3762,34.298,0.37833
212,-1,-11,237,56.877,129.07,6.6102,-8.1515,30.981,0.42739
213,-1,154,207,33.548,76.129,39.602,-10.008,38.752,0.37377
213,-1,185,204,36.769,83.436,31.001,-8.8923,37.892,0.37305
213,-1,275,174,62.22,141.19,17.037,-6.2667,34.234,0.38653
213,-1,330,258,28.326,64.279,11.899,-5.737,33.699,0.38736
214,-1,151,205,30.847,69.999,32.372,-11.324,41.657,0.36561
214,-1,185,207,33.548,76.129,29.281,-9.3418,39.064,0.37271
214,-1,322,174,62.22,141.19,10.605,-5.6596,34.421,0.38432
215,-1,185,207,33.548,76.129,53.262,-9.4268,39.298,0.36991
215,-1,148,202,33.548,76.129,29.495,-10.948,40.705,0.37035
215,-1,275,174,62.22,141.19,12.351,-6.3262,34.503,0.38706
215,-1,322,184,62.22,141.19,10.257,-5.6672,33.782,0.3879
215,-1,50,274,47.893,108.68,1.3126,-7.4948,30.912,0.43111
216,-1,185,202,33.548,76.129,33.04,-10.161,41.374,0.36336
216,-1,151,205,30.847,69.999,32.535,-11.664,42.411,0.36868
216,-1,275,174,62.22,141.19,22.54,-6.3703,34.675,0.38813
216,-1,322,174,62.22,141.19,10.77,-5.7262,34.752,0.38097
216,-1,219,229,26,59,2.8702,-8.5089,38.651,0.37231
217,-1,146,204,36.769,83.436,35.513,-10.259,38.972,0.39946
217,-1,275,174,62.22,141.19,28.618,-6.4343,34.983,0.39022
217,-1,332,184,62.22,141.19,16.991,-5.6243,34.207,0.38767
218,-1,275,174,62.22,141.19,34.506,-6.5234,35.256,0.42151
218,-1,146,204,36.769,83.436,28.644,-10.582,39.563,0.46123
218,-1,-24,118,125.53,284.85,16.462,-7.6037,30.822,0.45675
218,-1,332,184,62.22,141.19,11.905,-5.6861,34.439,0.413
218,-1,185,202,33.548,76.129,6.7406,-10.992,43.398,0.45022
219,-1,146,198,40,90.769,44.332,-10.314,38.994,0.47644
219,-1,270,193,36.769,83.436,19.725,-8.4208,44.496,0.41866
219,-1,312,181,30.847,69.999,8.7725,-16.846,144.21,0.049994
220,-1,146,204,36.769,83.436,27.791,-10.248,38.78,0.41423
220,-1,270,168,68.041,154.4,19.635,-6.4776,34.482,0.40711
221,-1,272,192,33.548,76.129,22.935,-8.8117,46.811,0.22862
221,-1,140,204,36.769,83.436,19.759,-10.064,38.157,0.36099
222,-1,140,198,40,90.769,26.262,-9.7317,37.542,0.3315
222,-1,275,164,62.22,141.19,21.201,-6.6408,35.727,0.33573
222,-1,203,209,26,59,6.0681,-10.908,44.594,0.22529
223,-1,275,164,62.22,141.19,15.936,-6.6704,35.764,0.32291
223,-1,338,238,36.769,83.436,4.4849,-5.8833,34.479,0.33954
224,-1,270,168,68.041,154.4,20.464,-6.5017,34.417,0.34707
224,-1,219,229,26,59,9.542,-8.5125,38.304,0.29602
224,-1,340,248,30.847,69.999,4.8677,-5.9277,34.857,0.33449
224,-1,231,202,33.548,76.129,1.0391,-8.8166,40.695,0.25673
225,-1,281,168,68.041,154.4,30.874,-6.4048,34.603,0.33251
225,-1,340,252,30.847,69.999,14.582,-5.9308,34.682,0.32888
225,-1,135,198,36.769,83.436,13.93,-10.682,39.353,0.26627
226,-1,275,174,62.22,141.19,23.968,-6.5987,35.252,0.31781
226,-1,322,174,62.22,141.19,5.1261,-5.9901,35.327,0.31125
226,-1,226,210,30.847,69.999,4.5844,-8.9166,40.647,0.23199
227,-1,275,174,62.22,141.19,35.237,-6.6165,35.388,0.3191
227,-1,226,207,33.548,76.129,26.089,-8.6814,39.917,0.25167
227,-1,323,168,68.041,154.4,13.244,-5.9408,34.876,0.32325
227,-1,169,198,36.769,83.436,9.4758,-10.046,40.002,0.2608
227,-1,128,202,33.548,76.129,9.112,-11.516,40.796,0.25767
228,-1,281,168,68.041,154.4,32.766,-6.4446,34.885,0.32848
228,-1,207,237,26,59,14.575,-8.396,37.404,0.29481
228,-1,323,168,68.041,154.4,14.571,-5.9567,34.95,0.32423
228,-1,167,197,43.854,99.515,12.583,-8.8688,37.138,0.30266
228,-1,221,197,43.854,99.515,12.323,-7.9799,37.358,0.29303
229,-1,284,164,62.22,141.19,15.187,-6.6108,36.28,0.29397
229,-1,225,198,36.769,83.436,3.3125,-8.6297,39.88,0.23933
229,-1,322,174,62.22,141.19,0.69851,-6.0291,35.45,0.30551
230,-1,113,197,43.854,99.515,21.368,-9.6219,36.746,0.31119
230,-1,284,164,62.22,141.19,16.084,-6.6197,36.28,0.29176
231,-1,113,197,43.854,99.515,23.653,-9.5993,36.746,0.31441
231,-1,275,164,62.22,141.19,22.574,-6.767,36.287,0.29838
231,-1,182,200,47.893,108.68,17.94,-8.0238,35.707,0.32076
231,-1,323,168,68.041,154.4,10.198,-6.0077,34.979,0.31717
232,-1,109,193,47.893,108.68,35.464,-9.4293,36.391,0.32485
232,-1,284,174,62.22,141.19,22.704,-6.567,35.667,0.31323
232,-1,173,184,56.877,129.07,18.959,-8.0112,35.535,0.32853
232,-1,235,245,26,59,14.087,-7.6767,36.608,0.30522
232,-1,331,158,56.877,129.07,12.34,-6.1312,39.348,0.2396
232,-1,153,193,47.893,108.68,7.8092,-8.7843,36.573,0.3157
232,-1,225,198,36.769,83.436,7.4445,-8.6914,40.134,0.24738
233,-1,101,193,47.893,108.68,36.513,-9.5699,36.482,0.32541
233,-1,284,164,62.22,141.19,36.032,-6.6994,36.713,0.29614
233,-1,174,193,52,118,17.326,-8.1354,35.861,0.32456
233,-1,332,174,62.22,141.19,13.079,-5.9914,35.892,0.30535
233,-1,142,193,52,118,1.826,-8.5453,35.75,0.33019
233,-1,214,193,52,118,0.28979,-7.6194,35.985,0.31776
234,-1,281,168,68.041,154.4,37.561,-6.5609,35.368,0.31764
234,-1,102,185,52,118,34.503,-9.4946,36.469,0.32133
234,-1,323,168,68.041,154.4,15.077,-6.0788,35.437,0.31219
234,-1,147,204,43.854,99.515,14.188,-8.9075,36.627,0.31324
234,-1,186,227,28.326,64.279,7.0232,-9.0066,38.288,0.28185
234,-1,225,204,36.769,83.436,6.2681,-8.4574,39.266,0.25818
235,-1,94,185,52,118,47.169,-9.66,36.554,0.31284
235,-1,284,174,62.22,141.19,36.456,-6.656,36.059,0.2987
235,-1,222,193,52,118,21.313,-7.5908,36.257,0.30222
235,-1,138,193,47.893,108.68,17.782,-9.1297,36.9,0.30169
235,-1,333,168,68.041,154.4,12.548,-5.9865,35.571,0.30309
236,-1,284,174,62.22,141.19,38.521,-6.6744,36.108,0.29999
236,-1,94,185,52,118,37.704,-9.6543,36.589,0.31566
236,-1,184,229,30.847,69.999,23.409,-8.7101,37.437,0.29087
236,-1,332,174,62.22,141.19,20.661,-6.0724,36.196,0.29315
236,-1,214,193,52,118,11.336,-7.7063,36.277,0.30536
236,-1,126,185,52,118,0.51096,-9.1991,36.734,0.30893
237,-1,86,185,52,118,33.362,-9.8635,36.791,0.31831
237,-1,281,168,68.041,154.4,26.095,-6.6386,35.731,0.31064
237,-1,322,174,62.22,141.19,18.343,-6.2136,36.39,0.2945
237,-1,134,185,52,118,18.279,-9.1669,37.014,0.30808
237,-1,166,201,52,118,10.324,-8.1375,35.687,0.32437
237,-1,219,200,47.893,108.68,8.2738,-7.7711,36.698,0.30206
238,-1,74,174,62.22,141.19,26.269,-9.3451,35.78,0.3435
238,-1,281,168,68.041,154.4,25.265,-6.6562,35.845,0.31692
238,-1,179,229,30.847,69.999,22.144,-8.8936,37.828,0.30245
238,-1,323,168,68.041,154.4,18.254,-6.1651,35.914,0.31104
238,-1,214,193,52,118,15.015,-7.7784,36.621,0.31359
238,-1,134,193,52,118,7.8033,-8.8322,36.344,0.32851
239,-1,322,174,62.22,141.19,24.613,-6.2382,36.441,0.30304
239,-1,284,174,62.22,141.19,21.558,-6.7181,36.373,0.30852
239,-1,214,193,52,118,18.633,-7.7484,36.549,0.31442
239,-1,174,224,30.847,69.999,13.223,-9.1455,38.317,0.29465
239,-1,64,174,62.22,141.19,12.69,-9.401,35.709,0.34429
239,-1,126,185,52,118,8.9783,-9.2412,37.016,0.31913
240,-1,284,174,62.22,141.19,22.356,-6.7321,36.415,0.29423
240,-1,64,174,62.22,141.19,15.249,-9.3996,35.77,0.3336
240,-1,323,158,68.041,154.4,0.99561,-6.2271,36.739,0.28257
241,-1,55,174,62.22,141.19,31.532,-9.5433,35.841,0.32736
241,-1,281,168,68.041,154.4,30.584,-6.6945,35.97,0.29328
241,-1,323,168,68.041,154.4,16.337,-6.2172,36.034,0.28661
241,-1,112,184,56.877,129.07,12.785,-8.9603,36.179,0.31339
241,-1,169,221,36.769,83.436,8.1144,-8.7097,37.164,0.28843
242,-1,270,168,68.041,154.4,37.416,-6.8258,36.042,0.29044
242,-1,322,184,62.22,141.19,34.64,-6.2598,35.977,0.28514
242,-1,103,174,62.22,141.19,25.003,-8.9802,36.115,0.31473
242,-1,222,252,30.847,69.999,24.989,-7.5815,35.914,0.30257
242,-1,50,176,56.877,129.07,5.285,-10.205,36.772,0.31413
243,-1,281,168,68.041,154.4,38.756,-6.7378,36.23,0.27916
243,-1,322,184,62.22,141.19,17.191,-6.2832,36.145,0.27731
243,-1,103,184,62.22,141.19,10.175,-8.7104,35.633,0.30952
244,-1,284,184,62.22,141.19,40.44,-6.7678,36.473,0.2779
244,-1,312,179,68.041,154.4,35.749,-6.3689,35.959,0.28587
244,-1,29,168,68.041,154.4,19.547,-9.7918,35.905,0.31605
244,-1,155,197,26,59,16.713,-22.464,68.046,-0.28631
244,-1,93,184,62.22,141.19,16.263,-8.991,35.986,0.30747
244,-1,157,232,36.769,83.436,9.6839,-8.6969,36.86,0.28569
245,-1,291,179,68.041,154.4,32.854,-6.61,35.989,0.29782
245,-1,152,227,36.769,83.436,17.393,-9.0017,37.42,0.28938
245,-1,322,184,62.22,141.19,16.509,-6.3321,36.573,0.28389
245,-1,93,184,62.22,141.19,13.654,-8.9961,36.049,0.31654
245,-1,275,192,40,90.769,10.276,-8.0471,42.845,0.17369
245,-1,18,168,68.041,154.4,2.4844,-9.9184,35.931,0.32658
246,-1,152,227,36.769,83.436,21.645,-8.8776,37.206,0.2908
246,-1,281,168,68.041,154.4,19.61,-6.7949,36.569,0.28801
246,-1,151,189,26,59,5.5788,-31.761,88.304,-0.60391
246,-1,322,174,62.22,141.19,1.4892,-6.3682,37.222,0.271
247,-1,281,168,68.041,154.4,29.726,-6.7976,36.504,0.26945
247,-1,138,222,47.893,108.68,18.636,-8.2839,35.661,0.29926
248,-1,322,184,62.22,141.19,26.652,-6.3636,36.395,0.26908
248,-1,74,174,62.22,141.19,24.973,-9.3778,36.455,0.2902
248,-1,138,184,28.326,64.279,23.643,-23.735,68.134,-0.34388
248,-1,281,168,68.041,154.4,23.03,-6.8017,36.479,0.27039
249,-1,322,184,62.22,141.19,41.06,-6.3842,36.518,0.26247
249,-1,284,184,62.22,141.19,34.922,-6.8014,36.469,0.26704
249,-1,131,222,47.893,108.68,8.8962,-8.3727,35.78,0.29678
249,-1,60,168,68.041,154.4,7.3974,-9.2511,36.065,0.29668
249,-1,-13,168,68.041,154.4,5.7953,-10.055,35.817,0.3093
250,-1,322,184,62.22,141.19,47.384,-6.4004,36.478,0.24929
250,-1,281,168,68.041,154.4,34.496,-6.8298,36.56,0.25146
250,-1,131,222,47.893,108.68,5.5033,-8.3471,35.772,0.28866
251,-1,322,184,62.22,141.19,44.5,-6.4187,36.585,0.24967
251,-1,281,168,68.041,154.4,19.051,-6.8493,36.667,0.25354
251,-1,123,222,47.893,108.68,7.6804,-8.4412,35.854,0.29821
252,-1,322,184,62.22,141.19,37.512,-6.4476,36.793,0.25032
252,-1,281,168,68.041,154.4,32.305,-6.8869,36.873,0.25355
253,-1,322,184,62.22,141.19,42.864,-6.4668,36.852,0.25172
253,-1,281,168,68.041,154.4,31.449,-6.9036,36.932,0.25599
253,-1,179,203,62.22,141.19,7.4519,-7.6861,35.66,0.29963
253,-1,102,171,33.548,76.129,0.41726,-27.764,70.113,-0.28609
254,-1,281,168,68.041,154.4,32.019,-6.9232,37.127,0.26438
254,-1,63,162,86.667,196.67,9.1445,-8.3462,35.089,0.33378
254,-1,169,173,74.286,168.57,7.0496,-7.7945,35.918,0.30595
255,-1,275,174,62.22,141.19,33.86,-7.1112,37.682,0.25736
255,-1,312,168,68.041,154.4,19.129,-6.5851,37.209,0.26105
255,-1,169,173,74.286,168.57,11.878,-7.8021,35.969,0.30559
256,-1,322,193,56.877,129.07,21.659,-6.5566,37.396,0.25653
256,-1,271,161,74.286,168.57,20.856,-6.9693,36.852,0.27489
257,-1,275,174,62.22,141.19,29.328,-7.1638,37.961,0.2514
258,-1,270,168,68.041,154.4,35.897,-7.1464,37.641,0.25246
259,-1,271,161,74.286,168.57,31.347,-7.0494,37.273,0.2604
259,-1,312,179,68.041,154.4,8.2002,-6.6374,37.141,0.25795
260,-1,275,174,62.22,141.19,21.723,-7.2704,38.658,0.23823
260,-1,30,145,52,118,12.305,-20.97,52.475,0.10701
261,-1,278,184,56.877,129.07,26.657,-7.3071,39.03,0.23064
261,-1,15,141,56.877,129.07,4.0999,-17.964,47.643,0.17873
261,-1,173,244,43.854,99.515,2.2323,-8.0756,36.712,0.29402
262,-1,275,174,62.22,141.19,20.471,-7.2931,38.856,0.23247
263,-1,275,184,62.22,141.19,7.6018,-7.1971,38.126,0.24517
264,-1,260,161,74.286,168.57,14.182,-7.2325,37.669,0.25023
265,-1,260,161,74.286,168.57,29.486,-7.2331,37.655,0.24823
266,-1,260,161,74.286,168.57,37.244,-7.2649,37.832,0.24581
267,-1,265,174,62.22,141.19,34.711,-7.3873,38.553,0.22662
268,-1,265,174,62.22,141.19,34.169,-7.4401,38.857,0.22426
269,-1,270,168,68.041,154.4,29.901,-7.2851,38.386,0.23983
270,-1,265,174,62.22,141.19,27.813,-7.4801,39.046,0.23182
271,-1,260,168,68.041,154.4,29.152,-7.4288,38.478,0.2523
272,-1,265,164,62.22,141.19,30.303,-7.6357,39.938,0.23007
273,-1,265,164,62.22,141.19,34.492,-7.6481,40.022,0.24211
274,-1,260,158,68.041,154.4,25.708,-7.6093,39.538,0.25928
275,-1,265,164,62.22,141.19,24.027,-7.7062,40.291,0.25458
276,-1,260,158,68.041,154.4,19.652,-7.6675,39.784,0.26429
277,-1,265,174,62.22,141.19,34.184,-7.6249,39.717,0.26544
278,-1,265,174,62.22,141.19,34.691,-7.6721,40.054,0.27757
279,-1,261,184,56.877,129.07,19.406,-7.8407,40.337,0.29214
280,-1,179,213,26,59,28.79,-12.408,48.668,0.27566
280,-1,279,261,26,59,17.119,-7.7589,39.958,0.29942
281,-1,260,150,74.286,168.57,22.569,-7.7223,40.089,0.31789
281,-1,183,209,26,59,0.78569,-12.958,50.5,0.30907
282,-1,260,158,68.041,154.4,43.217,-7.9099,40.886,0.3159
282,-1,183,209,26,59,12.899,-13.408,51.683,0.30569
283,-1,260,158,68.041,154.4,38.166,-7.9678,41.082,0.31844
283,-1,183,213,26,59,14.097,-12.828,50.048,0.31668
284,-1,260,168,68.041,154.4,39.876,-7.8676,40.345,0.31859
284,-1,183,213,26,59,28.354,-13.158,50.755,0.30179
285,-1,260,168,68.041,154.4,41.125,-7.9157,40.471,0.31472
285,-1,187,217,26,59,27.501,-12.433,49.109,0.2984
286,-1,260,168,68.041,154.4,45.5,-7.9902,40.71,0.31162
286,-1,187,217,26,59,28.053,-12.79,49.882,0.28155
286,-1,203,213,26,59,2.1907,-13.16,52.511,0.27252
287,-1,265,184,62.22,141.19,35.683,-7.9949,40.676,0.30771
287,-1,187,221,26,59,28.641,-12.331,48.503,0.28058
287,-1,171,221,26,59,4.33,-12.774,48.346,0.28334
288,-1,270,168,68.041,154.4,34.752,-7.9906,40.784,0.29738
288,-1,191,217,26,59,29.859,-12.8,49.576,0.25481
289,-1,195,214,28.326,64.279,37.127,-12.286,48.229,0.25752
289,-1,275,174,62.22,141.19,36.157,-8.1836,41.492,0.28988
289,-1,463,231,43.854,99.515,20.441,-5.9237,40.502,0.28648
290,-1,199,214,28.326,64.279,34.493,-12.269,48.132,0.24036
290,-1,270,168,68.041,154.4,25.656,-8.1578,40.871,0.28895
290,-1,131,217,26,59,14.919,-14.898,48.848,0.24294
290,-1,472,241,40,90.769,8.701,-5.9469,40.471,0.28504
291,-1,284,174,62.22,141.19,45.818,-8.1918,41.327,0.27141
291,-1,207,217,26,59,42.83,-12.243,48.132,0.2141
291,-1,139,217,26,59,29.37,-14.067,47.53,0.22832
292,-1,208,214,28.326,64.279,38.378,-11.67,46.763,0.20794
292,-1,284,174,62.22,141.19,30.391,-8.2201,41.334,0.26177
292,-1,190,214,28.326,64.279,8.0099,-12.084,46.624,0.21053
292,-1,231,209,26,59,7.4908,-12.849,51.8,0.15313
292,-1,486,232,36.769,83.436,2.2714,-5.7766,41.644,0.25233
293,-1,284,174,62.22,141.19,41.432,-8.2744,41.464,0.26469
293,-1,208,214,28.326,64.279,36.277,-11.816,47.041,0.21649
293,-1,491,235,40,90.769,24.692,-5.878,40.982,0.26159
293,-1,231,213,26,59,11.9,-12.277,50.025,0.18573
293,-1,139,217,26,59,5.3041,-14.098,47.489,0.21956
294,-1,294,174,62.22,141.19,36.257,-8.2124,41.545,0.27135
294,-1,207,210,30.847,69.999,31.521,-11.731,46.704,0.23389
294,-1,497,235,40,90.769,31.498,-5.874,41.055,0.26658
294,-1,190,214,28.326,64.279,13.706,-12.302,46.885,0.23444
294,-1,231,209,26,59,13.421,-13.137,52.14,0.18485
294,-1,139,213,26,59,2.3232,-15.073,49.041,0.2242
295,-1,291,168,68.041,154.4,36.525,-8.1642,41.117,0.27172
295,-1,503,235,40,90.769,28.791,-5.8368,41.242,0.26625
295,-1,211,217,26,59,22.837,-12.466,48.441,0.20571
295,-1,139,217,26,59,12.686,-14.366,47.735,0.21626
296,-1,212,214,28.326,64.279,38.572,-11.974,47.095,0.19287
296,-1,294,161,74.286,168.57,19.426,-8.0748,40.667,0.26648
296,-1,143,217,26,59,18.489,-14.218,47.465,0.18876
296,-1,509,235,40,90.769,17.355,-5.8647,41.282,0.25926
296,-1,243,209,26,59,9.4416,-12.984,52.234,0.13389
297,-1,303,174,62.22,141.19,24.766,-8.3192,41.725,0.24688
297,-1,221,214,28.326,64.279,23.787,-11.827,46.954,0.18554
297,-1,522,235,40,90.769,19.821,-5.8322,41.305,0.24915
297,-1,147,217,26,59,19.478,-14.146,47.283,0.18419
298,-1,223,213,26,59,27.853,-12.971,49.504,0.17615
298,-1,534,235,40,90.769,17.413,-5.758,41.439,0.24981
298,-1,306,161,74.286,168.57,13.833,-8.0999,40.791,0.26458
299,-1,151,217,26,59,27.633,-14.469,47.792,0.22361
299,-1,231,213,26,59,19.785,-13.086,50.291,0.19154
299,-1,251,213,26,59,15.241,-12.495,50.503,0.18692
299,-1,312,168,68.041,154.4,12.203,-8.2209,41.453,0.2658
300,-1,226,210,30.847,69.999,23.419,-11.778,46.776,0.22775
300,-1,356,184,28.326,64.279,22.779,-15.333,94.531,-0.21892
300,-1,151,213,26,59,18.751,-15.029,48.619,0.21735
301,-1,226,210,30.847,69.999,34.551,-11.806,46.732,0.2197
301,-1,317,161,74.286,168.57,27.541,-8.1358,41.053,0.27055
301,-1,151,213,26,59,19.916,-15.031,48.545,0.20741
302,-1,226,210,30.847,69.999,36.305,-11.859,46.761,0.22133
302,-1,317,161,74.286,168.57,28.977,-8.1841,41.129,0.26862
302,-1,547,229,26,59,24.075,-4.8388,46.596,0.1959
302,-1,375,158,68.041,154.4,19.518,-7.7047,42.575,0.25096
302,-1,147,213,26,59,13.858,-15.185,48.508,0.21514
303,-1,226,207,33.548,76.129,30.025,-11.59,46.086,0.23573
303,-1,323,168,68.041,154.4,29.285,-8.306,41.745,0.2679
303,-1,151,213,26,59,25.492,-15.194,48.683,0.22072
303,-1,551,233,26,59,11.234,-4.9513,46.151,0.21799
304,-1,322,174,62.22,141.19,35.932,-8.5388,42.506,0.26477
304,-1,151,213,26,59,33.624,-15.621,49.234,0.22785
304,-1,231,210,30.847,69.999,14.92,-12.128,47.424,0.23142
305,-1,155,217,26,59,30.866,-14.921,48.091,0.23094
305,-1,333,168,68.041,154.4,29.284,-8.3713,42.075,0.26544
305,-1,231,204,36.769,83.436,28.469,-11.481,45.772,0.24081
306,-1,236,204,36.769,83.436,32.521,-11.455,45.654,0.2455
306,-1,341,174,62.22,141.19,20.599,-8.5135,42.679,0.26219
307,-1,351,174,62.22,141.19,30.139,-8.4754,42.801,0.25743
307,-1,242,204,36.769,83.436,22.627,-11.468,45.803,0.23991
307,-1,417,248,33.548,76.129,2.1454,-7.7764,42.226,0.26019
308,-1,354,168,68.041,154.4,38.321,-8.3904,42.284,0.26752
308,-1,242,204,36.769,83.436,30.417,-11.529,45.734,0.24937
308,-1,159,213,26,59,27.147,-15.906,49.132,0.23645
308,-1,408,174,62.22,141.19,12.564,-7.8355,43.05,0.25866
308,-1,221,212,33.548,76.129,0.44273,-11.864,45.364,0.25391
309,-1,361,174,62.22,141.19,47.619,-8.506,42.903,0.2722
309,-1,248,204,36.769,83.436,23.09,-11.455,45.694,0.25981
309,-1,221,207,33.548,76.129,17.675,-12.396,46.298,0.2581
309,-1,418,174,62.22,141.19,14.152,-7.7883,43.1,0.26835
310,-1,361,174,62.22,141.19,46.622,-8.5626,43.033,0.25935
310,-1,248,204,36.769,83.436,26.994,-11.554,45.876,0.23768
310,-1,418,174,62.22,141.19,7.3294,-7.8408,43.231,0.25634
311,-1,365,168,68.041,154.4,41.876,-8.4482,42.578,0.25675
311,-1,242,204,36.769,83.436,34.522,-11.753,45.976,0.22985
311,-1,418,174,62.22,141.19,6.4179,-7.9001,43.336,0.24731
312,-1,245,204,40,90.769,44.134,-11.248,44.964,0.23819
312,-1,363,161,74.286,168.57,27.117,-8.4216,42.217,0.2598
312,-1,287,213,26,59,23.972,-12.946,51.432,0.17316
312,-1,420,150,74.286,168.57,11.481,-7.8475,43.197,0.24758
313,-1,365,168,68.041,154.4,37.424,-8.5738,42.79,0.24819
313,-1,245,204,40,90.769,32.064,-11.32,45.047,0.22632
313,-1,437,174,62.22,141.19,12.702,-7.7821,43.611,0.23775
314,-1,375,168,68.041,154.4,32.337,-8.5004,42.805,0.24383
314,-1,251,198,40,90.769,19.941,-11.654,45.985,0.21444
314,-1,291,210,28.326,64.279,11.53,-12.391,49.955,0.16792
315,-1,253,198,36.769,83.436,38.073,-12.209,47.261,0.19636
315,-1,375,168,68.041,154.4,22.086,-8.5411,42.857,0.24413
315,-1,291,210,28.326,64.279,10.673,-12.335,49.73,0.16703
315,-1,428,168,68.041,154.4,5.0954,-7.9477,43.015,0.24147
316,-1,375,168,68.041,154.4,48.572,-8.5798,42.925,0.23472
316,-1,248,197,43.854,99.515,36.063,-11.135,44.733,0.21486
316,-1,175,217,26,59,12.934,-14.871,47.996,0.17741
316,-1,291,210,28.326,64.279,12.636,-12.333,49.693,0.14991
316,-1,139,217,26,59,12.267,-15.674,47.56,0.18475
317,-1,248,197,43.854,99.515,59.266,-11.055,44.539,0.21452
317,-1,375,168,68.041,154.4,50.15,-8.6009,42.861,0.23285
317,-1,175,213,26,59,18.237,-15.272,48.615,0.16632
317,-1,139,209,26,59,15.037,-17.149,49.507,0.15777
317,-1,438,168,68.041,154.4,7.3183,-7.9087,43.045,0.22881
318,-1,386,168,68.041,154.4,55.308,-8.5399,43.02,0.23102
318,-1,248,197,43.854,99.515,48.265,-11.141,44.699,0.21274
318,-1,134,210,28.326,64.279,27.128,-15.804,47.588,0.18163
318,-1,214,198,40,90.769,4.1555,-12.244,45.546,0.20313
319,-1,386,168,68.041,154.4,47.677,-8.6117,43.326,0.22137
319,-1,248,204,43.854,99.515,38.923,-10.986,44.341,0.20794
319,-1,130,214,28.326,64.279,33.517,-15.592,47.167,0.16912
320,-1,389,184,62.22,141.19,38.601,-8.6469,43.425,0.20637
320,-1,125,219,28.326,64.279,37.589,-15.44,46.843,0.16886
320,-1,248,204,43.854,99.515,33.13,-11.162,44.72,0.19195
320,-1,214,210,40,90.769,8.2382,-11.825,44.774,0.19327
321,-1,389,184,62.22,141.19,43.281,-8.6974,43.563,0.20577
321,-1,122,214,30.847,69.999,42.512,-15.381,46.727,0.1781
321,-1,241,200,47.893,108.68,30.564,-11.017,44.224,0.20372
321,-1,214,204,43.854,99.515,10.226,-11.731,44.665,0.19897
322,-1,386,168,68.041,154.4,50.593,-8.7596,43.705,0.2089
322,-1,248,204,43.854,99.515,29.742,-11.223,44.818,0.19827
322,-1,117,207,33.548,76.129,27.509,-15.503,46.775,0.17945
322,-1,183,217,26,59,13.307,-15.665,49.618,0.13335
322,-1,206,193,52,118,9.5401,-11.333,43.811,0.21513
323,-1,238,193,52,118,49.361,-10.975,44.106,0.20186
323,-1,386,168,68.041,154.4,41.554,-8.7933,43.795,0.2028
323,-1,204,200,47.893,108.68,24.857,-11.533,44.089,0.20326
323,-1,112,204,36.769,83.436,21.85,-15.002,46.097,0.17592
324,-1,386,168,68.041,154.4,47.561,-8.8263,43.87,0.1934
324,-1,241,200,47.893,108.68,38.586,-11.079,44.373,0.18866
324,-1,204,200,47.893,108.68,17.082,-11.56,44.164,0.19352
324,-1,183,221,26,59,5.5295,-14.977,48.638,0.11733
325,-1,238,193,52,118,53.287,-11.011,44.216,0.18359
325,-1,396,179,68.041,154.4,48.756,-8.6604,43.278,0.19665
325,-1,198,193,52,118,15.627,-11.512,43.992,0.18931
326,-1,399,184,62.22,141.19,50.007,-8.743,43.761,0.17841
326,-1,238,193,52,118,32.032,-10.973,44.138,0.17508
326,-1,190,193,52,118,8.1541,-11.56,43.878,0.18202
327,-1,399,184,62.22,141.19,45.538,-8.7694,43.767,0.16836
327,-1,230,193,52,118,42.182,-11.045,44.058,0.16834
327,-1,262,207,33.548,76.129,20.112,-12.347,47.826,0.08407
328,-1,230,193,52,118,47.971,-11.093,44.183,0.16805
328,-1,399,184,62.22,141.19,40.389,-8.8063,43.903,0.16294
328,-1,287,204,36.769,83.436,15.052,-11.578,47.408,0.092267
328,-1,466,184,62.22,141.19,11.495,-8.0608,44.097,0.15433
328,-1,262,207,33.548,76.129,1.7082,-12.416,48.021,0.081747
329,-1,226,184,56.877,129.07,52.251,-11.027,44.006,0.18144
329,-1,399,184,62.22,141.19,31.68,-8.8396,43.981,0.1647
329,-1,466,184,62.22,141.19,28.364,-8.0938,44.195,0.15365
329,-1,287,204,36.769,83.436,11.173,-11.574,47.389,0.10443
330,-1,226,184,56.877,129.07,45.046,-11.103,44.192,0.18933
330,-1,397,161,74.286,168.57,30.607,-8.7942,43.79,0.18478
330,-1,466,184,62.22,141.19,23.695,-8.123,44.304,0.17067
331,-1,397,161,74.286,168.57,39.128,-8.8139,43.795,0.18823
331,-1,217,184,56.877,129.07,34.201,-11.196,44.159,0.18452
332,-1,217,184,62.22,141.19,46.682,-10.791,43.489,0.17819
332,-1,397,161,74.286,168.57,46.252,-8.8246,43.802,0.16773
333,-1,396,168,68.041,154.4,49.076,-8.9169,44.212,0.15513
333,-1,208,184,62.22,141.19,24.339,-10.85,43.433,0.1816
333,-1,459,179,68.041,154.4,12.476,-8.2451,43.756,0.16334
333,-1,276,204,36.769,83.436,10.552,-11.644,47.186,0.095051
333,-1,170,184,62.22,141.19,1.7808,-11.225,43.27,0.18702
334,-1,396,168,68.041,154.4,41.977,-8.9534,44.347,0.15684
334,-1,208,184,62.22,141.19,28.157,-10.893,43.54,0.18741
334,-1,283,229,26,59,22.817,-11.674,47.357,0.1019
334,-1,160,184,62.22,141.19,17.239,-11.36,43.329,0.19516
334,-1,260,219,28.326,64.279,5.2683,-12.38,47.996,0.090984
335,-1,397,161,74.286,168.57,49.556,-8.9023,44.031,0.16669
335,-1,283,229,26,59,31.205,-11.747,47.571,0.10294
335,-1,584,210,43.854,99.515,22.828,-6.7263,45.925,0.11054
335,-1,157,249,36.769,83.436,16.228,-11.323,43.02,0.20418
335,-1,199,184,56.877,129.07,11.775,-11.436,44.331,0.17496
335,-1,252,207,33.548,76.129,6.5168,-12.563,48.151,0.094576
336,-1,397,161,74.286,168.57,54.733,-8.9319,44.131,0.17414
336,-1,246,207,33.548,76.129,21.952,-12.763,48.374,0.10773
336,-1,577,210,40,90.769,20.204,-6.6547,46.983,0.10242
336,-1,197,179,68.041,154.4,11.503,-10.862,43.353,0.20103
336,-1,155,179,68.041,154.4,6.356,-11.25,43.188,0.20661
337,-1,397,161,74.286,168.57,54.065,-8.9795,44.331,0.1783
337,-1,246,212,33.548,76.129,44.227,-12.496,47.799,0.12758
337,-1,186,168,68.041,154.4,28.972,-11.348,44.044,0.19602
337,-1,578,210,43.854,99.515,24.399,-6.848,46.242,0.12965
337,-1,470,179,68.041,154.4,22.168,-8.2627,44.297,0.17532
337,-1,279,233,26,59,20.392,-11.778,47.468,0.13048
337,-1,134,173,74.286,168.57,17.227,-11.257,42.936,0.21748
338,-1,397,161,74.286,168.57,41.181,-9.0088,44.431,0.16992
338,-1,246,212,33.548,76.129,36.656,-12.524,47.907,0.12312
338,-1,180,173,74.286,168.57,32.238,-10.894,43.206,0.21058
338,-1,470,179,68.041,154.4,16.375,-8.2912,44.398,0.16506
338,-1,578,210,43.854,99.515,15.176,-6.8692,46.354,0.11241
338,-1,130,148,86.667,196.67,3.8424,-11.179,42.905,0.21919
339,-1,396,168,68.041,154.4,48.912,-9.1381,45.148,0.16061
339,-1,242,210,36.769,83.436,35.807,-12.412,47.582,0.14147
339,-1,169,162,80,181.54,28.507,-11.007,43.293,0.21768
339,-1,578,217,43.854,99.515,18.116,-6.9949,46.014,0.1216
339,-1,279,237,26,59,11.719,-11.73,47.411,0.1384
339,-1,470,179,68.041,154.4,8.7602,-8.3135,44.624,0.16356
339,-1,123,189,68.041,154.4,8.4535,-11.44,43.07,0.22656
340,-1,397,161,74.286,168.57,53.305,-9.0754,44.753,0.17559
340,-1,242,210,36.769,83.436,45.209,-12.424,47.659,0.14748
340,-1,577,216,40,90.769,42.772,-6.8066,47.139,0.11031
340,-1,269,204,40,90.769,25.139,-11.842,47.608,0.14356
340,-1,169,161,74.286,168.57,24.325,-11.416,43.968,0.21048
341,-1,397,161,74.286,168.57,53.95,-9.0896,44.7,0.17546
341,-1,236,210,36.769,83.436,48.379,-12.388,47.412,0.15296
341,-1,577,228,33.548,76.129,33.974,-6.882,47.23,0.10117
341,-1,157,162,86.667,196.67,21.98,-10.788,42.867,0.23031
341,-1,261,197,43.854,99.515,16.246,-11.738,47.11,0.15262
341,-1,466,184,62.22,141.19,15.279,-8.4208,45.156,0.15935
341,-1,100,173,74.286,168.57,9.3,-11.674,43.202,0.23235
342,-1,397,161,74.286,168.57,50.461,-9.1307,44.816,0.16941
342,-1,571,210,43.854,99.515,40.977,-7.0648,46.716,0.11571
342,-1,231,210,36.769,83.436,34.533,-12.543,47.508,0.1408
342,-1,470,179,68.041,154.4,26.861,-8.411,44.776,0.16484
342,-1,157,161,74.286,168.57,16.181,-11.542,44.03,0.20329
342,-1,261,197,43.854,99.515,15.378,-11.796,47.242,0.14055
342,-1,90,162,86.667,196.67,4.2164,-11.326,42.73,0.22783
343,-1,407,168,68.041,154.4,49.346,-9.117,45.266,0.16499
343,-1,571,210,40,90.769,31.894,-6.9245,47.67,0.099262
343,-1,231,210,36.769,83.436,29.235,-12.43,47.307,0.15449
343,-1,143,148,86.667,196.67,25.891,-11.194,43.369,0.21988
343,-1,470,168,68.041,154.4,10.164,-8.4092,45.408,0.15604
343,-1,73,254,28.326,64.279,5.1448,-13.075,44.129,0.22164
344,-1,407,158,68.041,154.4,47.901,-9.1914,45.949,0.15888
344,-1,236,204,36.769,83.436,38.674,-12.547,47.801,0.15147
344,-1,69,147,94.545,214.55,28.446,-11.333,42.626,0.23622
344,-1,564,204,43.854,99.515,26.137,-7.1482,47.237,0.11938
344,-1,124,146,104,236,17.211,-10.638,42.384,0.23519
345,-1,226,204,40,90.769,55.275,-12.439,47.248,0.15849
345,-1,396,168,68.041,154.4,22.43,-9.3072,45.435,0.16649
345,-1,124,130,104,236,16.928,-10.944,42.894,0.22801
346,-1,226,204,40,90.769,69.303,-12.65,47.751,0.15896
346,-1,108,130,104,236,16.413,-11.135,43.019,0.23246
346,-1,564,210,43.854,99.515,16.103,-7.2635,47.168,0.11001
346,-1,396,179,68.041,154.4,15.592,-9.296,45.053,0.1731
346,-1,475,193,62.22,141.19,10.48,-8.5165,45.131,0.1629
346,-1,44,146,104,236,4.3305,-11.274,42.464,0.24463
347,-1,220,204,40,90.769,50.409,-12.766,47.852,0.16652
347,-1,397,161,74.286,168.57,34.196,-9.2799,45.35,0.17314
347,-1,232,210,40,90.769,20.776,-12.202,47.128,0.17342
347,-1,565,241,28.326,64.279,17.001,-7.2396,47.843,0.10467
347,-1,254,185,52,118,7.6389,-11.693,47.022,0.16966
347,-1,92,118,125.53,284.85,7.5284,-10.686,42.384,0.24313
348,-1,220,210,40,90.769,49.994,-12.651,47.744,0.20552
348,-1,397,161,74.286,168.57,29.996,-9.3023,45.746,0.19281
348,-1,248,193,47.893,108.68,25.078,-12.096,47.828,0.19857
348,-1,557,210,43.854,99.515,5.2864,-7.2429,47.861,0.14604
349,-1,214,204,43.854,99.515,39.828,-12.629,47.746,0.24157
349,-1,396,168,68.041,154.4,26.52,-9.3645,46.458,0.20812
349,-1,556,245,28.326,64.279,24.164,-7.3013,48.092,0.16287
349,-1,241,193,47.893,108.68,19.165,-12.26,48.129,0.23257
350,-1,207,197,43.854,99.515,54.39,-12.976,48.415,0.21705
350,-1,386,168,68.041,154.4,32.878,-9.4564,46.367,0.20386
350,-1,544,204,43.854,99.515,18.186,-7.1939,48.773,0.1563
350,-1,65,122,112.01,254.17,15.578,-11.335,43.172,0.25592
350,-1,234,193,47.893,108.68,14.127,-12.191,47.857,0.21518
351,-1,200,204,43.854,99.515,51.847,-12.73,47.752,0.23053
351,-1,386,161,74.286,168.57,33.644,-9.3963,45.994,0.20131
351,-1,537,204,43.854,99.515,29.017,-7.2895,48.903,0.13599
352,-1,194,204,43.854,99.515,40.809,-12.903,47.914,0.24663
352,-1,386,168,68.041,154.4,39.594,-9.4975,46.77,0.21902
352,-1,537,204,43.854,99.515,37.959,-7.2251,49.366,0.17425
352,-1,241,193,47.893,108.68,14.217,-12.225,48.437,0.23524
353,-1,194,204,43.854,99.515,41.623,-12.898,47.955,0.22249
353,-1,386,168,68.041,154.4,41.546,-9.5214,46.809,0.19872
353,-1,531,210,43.854,99.515,21.134,-7.5815,48.376,0.15911
353,-1,230,193,52,118,12.106,-11.904,47.284,0.21939
354,-1,386,161,74.286,168.57,39.011,-9.4574,46.189,0.18801
354,-1,194,204,43.854,99.515,29.625,-12.763,47.767,0.20803
354,-1,241,238,30.847,69.999,2.5681,-11.931,47.422,0.20224
